FID,latitude,longitude,brightness,acq_date,acq_time,confidence,frp,RASTERVALU,local_time
72,39.695999999999998,116.358999999999990,324.699999999999990,5/29/2006 0:00:00,5,68,13.5,10,13
73,39.695999999999998,116.358999999999990,324.699999999999990,5/29/2006 0:00:00,5,68,13.5,10,13
88,39.707999999999998,116.391000000000010,315.199999999999990,10/10/2005 0:00:00,5,63,16.3,10,13
95,39.749000000000002,116.383000000000000,318.399999999999980,4/14/2009 0:00:00,3,55,10.4,10,11
96,39.749000000000002,116.383000000000000,321.300000000000010,8/18/2014 0:00:00,3,48,13.7,10,11
97,39.749000000000002,116.383000000000000,318.399999999999980,4/14/2009 0:00:00,3,55,10.4,10,11
98,39.749000000000002,116.383000000000000,321.300000000000010,8/18/2014 0:00:00,3,48,13.7,10,11
117,39.743000000000002,116.512000000000000,320.199999999999990,6/26/2013 0:00:00,5,66,11.1,10,13
118,39.743000000000002,116.511000000000000,317.300000000000010,7/15/2014 0:00:00,3,31,10.2,10,11
119,39.743000000000002,116.511000000000000,317.300000000000010,7/15/2014 0:00:00,3,31,10.2,10,11
121,39.743000000000002,116.512000000000000,320.199999999999990,6/26/2013 0:00:00,5,66,11.1,10,13
126,39.744000000000000,116.511000000000000,315.600000000000020,6/2/2012 0:00:00,3,59,6.5,10,11
127,39.744000000000000,116.510000000000010,319.100000000000020,8/14/2014 0:00:00,5,71,9,10,13
129,39.744000000000000,116.511000000000000,315.600000000000020,6/2/2012 0:00:00,3,59,6.5,10,11
130,39.746000000000002,116.507000000000010,319.600000000000020,8/10/2012 0:00:00,3,71,14.1,10,11
132,39.756000000000000,116.462000000000000,326.899999999999980,6/17/2013 0:00:00,5,31,16.3,10,13
134,39.747999999999998,116.506000000000000,317.300000000000010,5/25/2013 0:00:00,3,68,13,10,11
135,39.747999999999998,116.506000000000000,318.300000000000010,8/18/2014 0:00:00,3,69,10.9,10,11
136,39.747999999999998,116.506000000000000,317.300000000000010,5/25/2013 0:00:00,3,68,13,10,11
137,39.747999999999998,116.506000000000000,318.300000000000010,8/18/2014 0:00:00,3,69,10.9,10,11
142,39.758000000000003,116.459999999999990,320.100000000000020,8/1/2006 0:00:00,5,52,8.5,10,13
143,39.771999999999998,116.408000000000000,316.100000000000020,4/14/2009 0:00:00,3,32,7.2,10,11
145,39.762999999999998,116.520000000000000,345.899999999999980,3/8/2013 0:00:00,3,93,64,10,11
162,39.735999999999997,116.782000000000000,317.699999999999990,7/22/2010 0:00:00,3,68,7.6,10,11
186,39.822000000000003,116.526000000000000,322.500000000000000,5/26/2005 0:00:00,5,53,10.9,10,13
262,39.835000000000001,116.547000000000000,326.199999999999990,8/4/2009 0:00:00,3,65,16.4,10,11
269,39.747000000000000,117.012000000000000,320.899999999999980,6/19/2008 0:00:00,5,66,10.4,10,13
271,39.832999999999998,116.590999999999990,316.399999999999980,6/12/2007 0:00:00,3,64,8.9,10,11
272,39.832999999999998,116.590999999999990,316.399999999999980,6/12/2007 0:00:00,3,64,8.9,10,11
273,39.832999999999998,116.590999999999990,316.399999999999980,6/12/2007 0:00:00,3,64,8.9,10,11
274,39.834000000000003,116.589000000000000,320.800000000000010,7/16/2006 0:00:00,5,73,10,10,13
286,39.820999999999998,116.772000000000010,325.500000000000000,6/14/2006 0:00:00,5,79,13.4,10,13
288,39.820999999999998,116.772000000000010,325.500000000000000,6/14/2006 0:00:00,5,79,13.4,10,13
290,39.822000000000003,116.773000000000000,319.899999999999980,5/19/2014 0:00:00,5,60,8,10,13
291,39.822000000000003,116.773000000000000,319.899999999999980,5/19/2014 0:00:00,5,60,8,10,13
292,39.822000000000003,116.773000000000000,319.899999999999980,5/19/2014 0:00:00,5,60,8,10,13
313,39.814999999999998,116.956999999999990,327.600000000000020,6/21/2005 0:00:00,6,81,39,10,14
328,40.268000000000001,114.886000000000000,323.800000000000010,10/25/2008 0:00:00,5,77,38.2,10,13
329,39.948000000000000,116.598000000000000,321.500000000000000,6/14/2012 0:00:00,4,74,23.6,10,12
330,39.948000000000000,116.598000000000000,321.500000000000000,6/14/2012 0:00:00,4,74,23.6,10,12
331,39.948000000000000,116.605000000000000,322.000000000000000,8/19/2012 0:00:00,3,59,15.2,10,11
332,39.948000000000000,116.605000000000000,322.000000000000000,8/19/2012 0:00:00,3,59,15.2,10,11
334,40.273000000000003,114.893000000000000,314.800000000000010,10/25/2008 0:00:00,5,62,27.5,10,13
335,39.969999999999999,116.540000000000010,323.899999999999980,6/15/2014 0:00:00,3,53,11,10,11
338,39.999000000000002,116.529000000000000,325.199999999999990,6/15/2014 0:00:00,3,47,12,10,11
349,40.081000000000003,116.284000000000010,314.199999999999990,9/11/2008 0:00:00,3,44,7.4,10,11
352,40.097000000000001,116.232000000000000,313.500000000000000,8/29/2013 0:00:00,5,27,8.5,10,13
355,40.061000000000000,116.465000000000000,310.199999999999990,10/2/2007 0:00:00,3,32,7.9,10,11
357,40.097999999999999,116.311000000000010,322.699999999999990,6/25/2010 0:00:00,5,47,9.7,10,13
358,40.073999999999998,116.435000000000000,318.800000000000010,4/18/2011 0:00:00,5,70,10.7,10,13
359,40.098999999999997,116.316000000000000,324.399999999999980,5/27/2011 0:00:00,5,44,11.5,10,13
362,40.103000000000002,116.306000000000000,315.800000000000010,9/7/2004 0:00:00,3,64,11.3,10,11
363,40.103000000000002,116.306000000000000,314.399999999999980,4/3/2005 0:00:00,3,61,9.1,10,11
364,40.103000000000002,116.306000000000000,315.800000000000010,9/7/2004 0:00:00,3,64,11.3,10,11
365,40.103000000000002,116.306000000000000,314.399999999999980,4/3/2005 0:00:00,3,61,9.1,10,11
366,40.100999999999999,116.316999999999990,313.000000000000000,4/3/2005 0:00:00,3,56,7.1,10,11
367,40.100999999999999,116.318000000000000,314.600000000000020,9/7/2004 0:00:00,3,62,9.8,10,11
368,40.073999999999998,116.458000000000000,317.500000000000000,4/27/2011 0:00:00,3,64,10.3,10,11
369,40.103000000000002,116.312000000000000,320.300000000000010,8/31/2007 0:00:00,3,72,12.2,10,11
370,40.103000000000002,116.311000000000010,317.699999999999990,8/31/2008 0:00:00,5,50,12.9,10,13
371,40.103000000000002,116.310000000000000,316.600000000000020,9/18/2008 0:00:00,3,66,11.2,10,11
372,40.103000000000002,116.311000000000010,317.699999999999990,8/31/2008 0:00:00,5,50,12.9,10,13
373,40.103000000000002,116.312000000000000,320.300000000000010,8/31/2007 0:00:00,3,72,12.2,10,11
374,40.079000000000001,116.436000000000010,316.800000000000010,4/30/2009 0:00:00,3,63,8.3,10,11
375,40.075000000000003,116.467000000000000,334.300000000000010,6/20/2010 0:00:00,3,66,21.5,10,11
376,40.104999999999997,116.315000000000000,320.300000000000010,5/13/2008 0:00:00,3,71,13.8,10,11
377,40.104999999999997,116.315000000000000,320.300000000000010,5/13/2008 0:00:00,3,71,13.8,10,11
378,40.104999999999997,116.316000000000000,320.399999999999980,8/15/2007 0:00:00,3,51,9.5,10,11
379,40.076000000000001,116.465000000000000,327.399999999999980,7/2/2012 0:00:00,3,47,15.8,10,11
380,40.103000000000002,116.327000000000000,318.300000000000010,5/13/2008 0:00:00,3,56,10.8,10,11
381,40.106000000000002,116.312000000000000,311.399999999999980,4/11/2008 0:00:00,3,48,10.2,10,11
382,40.104999999999997,116.319999999999990,324.100000000000020,6/4/2010 0:00:00,3,62,13.3,10,11
383,40.106000000000002,116.318000000000000,328.800000000000010,6/28/2011 0:00:00,5,46,17.8,10,13
384,40.106000000000002,116.319000000000000,319.199999999999990,8/12/2012 0:00:00,3,53,9.2,10,11
385,40.107999999999997,116.311000000000010,318.300000000000010,9/2/2008 0:00:00,3,42,9.9,10,11
386,40.106000000000002,116.322000000000000,311.800000000000010,4/22/2012 0:00:00,3,51,7.7,10,11
387,40.106999999999999,116.316999999999990,327.300000000000010,5/22/2011 0:00:00,3,64,14.1,10,11
388,40.106999999999999,116.316999999999990,327.300000000000010,5/22/2011 0:00:00,3,64,14.1,10,11
389,40.240000000000002,115.627000000000000,320.199999999999990,5/30/2009 0:00:00,4,72,20.9,10,12
390,40.240000000000002,115.620000000000000,317.000000000000000,5/30/2009 0:00:00,4,43,15.8,10,12
391,40.106999999999999,116.319000000000000,324.399999999999980,6/9/2012 0:00:00,3,42,10.8,10,11
392,40.107999999999997,116.316999999999990,314.300000000000010,4/25/2013 0:00:00,3,29,7.4,10,11
393,40.107999999999997,116.316999999999990,314.300000000000010,4/25/2013 0:00:00,3,29,7.4,10,11
394,40.240000000000002,115.627000000000000,320.199999999999990,5/30/2009 0:00:00,4,72,20.9,10,12
395,40.243000000000002,115.614000000000000,316.399999999999980,5/30/2009 0:00:00,4,50,13.5,10,12
396,40.109000000000002,116.316999999999990,324.199999999999990,8/10/2011 0:00:00,3,30,14,10,11
398,40.110999999999997,116.337999999999990,320.600000000000020,7/19/2013 0:00:00,5,48,12.6,10,13
400,40.112000000000002,116.342000000000000,310.500000000000000,4/22/2012 0:00:00,3,15,6.9,10,11
401,40.112000000000002,116.346000000000000,317.399999999999980,4/30/2009 0:00:00,3,23,9.2,10,11
410,40.113999999999997,116.379000000000000,320.000000000000000,5/13/2008 0:00:00,3,72,13.6,10,11
412,40.116000000000000,116.372000000000000,318.199999999999990,6/4/2010 0:00:00,3,37,6.6,10,11
416,40.116000000000000,116.380000000000000,326.000000000000000,5/22/2011 0:00:00,3,68,11.4,10,11
421,40.143000000000001,116.305000000000010,317.100000000000020,4/27/2008 0:00:00,3,50,12.6,10,11
426,40.154000000000003,116.277000000000000,315.800000000000010,8/20/2009 0:00:00,3,34,7.7,10,11
435,40.149999999999999,116.381000000000000,318.500000000000000,7/11/2012 0:00:00,3,43,10.7,10,11
437,40.149999999999999,116.388000000000010,318.500000000000000,6/4/2010 0:00:00,3,70,9.3,10,11
439,40.164000000000001,116.327000000000000,322.000000000000000,6/28/2011 0:00:00,5,61,9.2,10,13
441,40.182000000000002,116.256000000000000,310.000000000000000,9/29/2012 0:00:00,3,24,7.3,10,11
444,40.192999999999998,116.217000000000000,317.100000000000020,4/24/2005 0:00:00,5,61,7.4,10,13
445,40.334000000000003,115.498000000000000,314.800000000000010,3/7/2012 0:00:00,3,62,22.8,10,11
446,40.167000000000002,116.385000000000010,316.399999999999980,4/4/2012 0:00:00,5,66,13,10,13
447,40.201999999999998,116.280000000000000,322.600000000000020,7/21/2008 0:00:00,5,68,10.6,10,13
450,40.212000000000003,116.282000000000000,322.600000000000020,6/28/2011 0:00:00,5,47,10,10,13
454,40.429000000000002,115.197000000000000,326.300000000000010,10/16/2011 0:00:00,4,0,90.6,10,12
455,40.430999999999997,115.203999999999990,319.699999999999990,10/16/2011 0:00:00,4,54,66.7,10,12
456,40.436999999999998,115.180000000000010,312.399999999999980,10/16/2011 0:00:00,4,0,45.3,10,12
460,40.353000000000002,115.648000000000000,315.199999999999990,3/27/2012 0:00:00,6,41,32,10,14
464,40.365000000000002,115.654000000000000,321.100000000000020,3/29/2012 0:00:00,6,74,30.1,10,14
465,40.433000000000000,115.297000000000000,324.800000000000010,10/15/2005 0:00:00,5,78,23.4,10,13
466,40.435000000000002,115.291000000000000,316.899999999999980,11/1/2007 0:00:00,3,67,28.3,10,11
468,40.381999999999998,115.584999999999990,317.699999999999990,3/27/2013 0:00:00,5,68,15.8,10,13
470,40.442000000000000,115.295000000000000,317.300000000000010,10/15/2005 0:00:00,5,62,13.7,10,13
471,40.409999999999997,115.482000000000000,320.800000000000010,5/30/2009 0:00:00,4,67,13.2,10,12
472,40.402000000000001,115.533000000000000,313.399999999999980,10/3/2009 0:00:00,5,56,9.6,10,13
474,40.395000000000003,115.583000000000000,313.000000000000000,3/27/2012 0:00:00,3,46,30.2,10,11
479,40.401000000000003,115.587999999999990,315.100000000000020,3/27/2012 0:00:00,6,63,28.9,10,14
481,40.359000000000002,115.830000000000000,310.600000000000020,10/15/2005 0:00:00,5,38,10.5,10,13
483,40.405999999999999,115.614999999999990,321.399999999999980,3/27/2012 0:00:00,3,74,65.8,10,11
484,40.441000000000003,115.474999999999990,330.300000000000010,10/15/2014 0:00:00,6,83,39.3,10,14
485,40.509999999999998,115.238000000000000,311.699999999999990,4/4/2014 0:00:00,2,50,53.3,10,10
486,40.558000000000000,115.134000000000000,311.699999999999990,10/15/2005 0:00:00,5,46,8.5,10,13
489,40.566000000000003,115.135000000000010,316.500000000000000,10/28/2006 0:00:00,6,49,64.1,10,14
490,40.555999999999997,115.190000000000000,311.100000000000020,3/29/2012 0:00:00,6,46,9.1,10,14
491,40.433000000000000,115.866000000000000,313.199999999999990,3/22/2006 0:00:00,6,57,18,10,14
492,40.569000000000003,115.143000000000000,328.699999999999990,10/15/2005 0:00:00,5,82,28.1,10,13
494,40.421999999999997,115.946000000000000,311.899999999999980,1/24/2012 0:00:00,5,51,37.8,10,13
495,40.432000000000002,115.898000000000000,310.399999999999980,5/2/2014 0:00:00,3,27,12.8,10,11
515,40.579999999999998,115.133000000000000,322.800000000000010,10/28/2006 0:00:00,6,76,96.8,10,14
517,40.576999999999998,115.176000000000000,325.000000000000000,10/15/2014 0:00:00,6,78,30.2,10,14
519,40.587000000000003,115.180000000000010,319.800000000000010,11/6/2013 0:00:00,5,72,23.4,10,13
521,40.590000000000003,115.191999999999990,314.100000000000020,10/28/2010 0:00:00,3,60,24.5,10,11
522,40.594000000000001,115.182000000000000,311.000000000000000,11/6/2013 0:00:00,4,45,42.5,10,12
523,40.595999999999997,115.209000000000000,329.000000000000000,10/15/2005 0:00:00,5,82,30.1,10,13
524,40.597999999999999,115.220000000000000,315.399999999999980,10/15/2005 0:00:00,5,29,12.3,10,13
525,40.606999999999999,115.218000000000000,325.899999999999980,10/29/2010 0:00:00,5,79,32.2,10,13
526,40.344999999999999,116.622000000000000,317.399999999999980,4/5/2009 0:00:00,3,58,15,10,11
532,40.619000000000000,115.239000000000000,314.600000000000020,10/15/2005 0:00:00,5,53,12.1,10,13
533,40.332999999999998,116.812000000000000,324.500000000000000,6/27/2014 0:00:00,5,59,10.4,10,13
537,40.624000000000002,115.399000000000000,313.199999999999990,4/3/2012 0:00:00,6,57,57.6,10,14
539,40.628999999999998,115.391000000000010,311.300000000000010,4/3/2012 0:00:00,6,48,48.3,10,14
540,40.661999999999999,115.227000000000000,325.100000000000020,4/3/2012 0:00:00,6,78,102.2,10,14
542,40.664000000000001,115.258000000000000,334.300000000000010,4/3/2012 0:00:00,6,86,160.1,10,14
546,40.640000000000001,115.464000000000000,320.100000000000020,4/25/2007 0:00:00,5,47,39.6,10,13
548,40.646000000000001,115.471999999999990,336.199999999999990,4/25/2007 0:00:00,3,87,38.1,10,11
549,40.643999999999998,115.483000000000000,318.100000000000020,4/25/2007 0:00:00,3,54,12.5,10,11
550,40.645000000000003,115.485000000000000,315.399999999999980,4/25/2007 0:00:00,5,44,24.4,10,13
555,40.212000000000003,117.956000000000000,312.500000000000000,3/27/2009 0:00:00,5,55,9.9,10,13
557,40.719999999999999,115.477000000000000,331.500000000000000,4/3/2012 0:00:00,6,84,158.6,10,14
558,40.722000000000001,115.471000000000000,328.199999999999990,4/3/2012 0:00:00,6,81,138.1,10,14
559,40.734999999999999,115.537000000000010,311.899999999999980,4/4/2014 0:00:00,2,40,47,10,10
560,40.741999999999997,115.546000000000010,313.500000000000000,4/4/2014 0:00:00,2,58,62.7,10,10
561,40.703000000000003,115.771000000000000,316.600000000000020,4/25/2013 0:00:00,3,66,12.9,10,11
562,40.707999999999998,115.861000000000000,310.399999999999980,9/4/2012 0:00:00,3,37,11.7,10,11
566,40.868000000000002,115.818000000000000,319.600000000000020,4/4/2012 0:00:00,3,71,24.2,10,11
567,40.807000000000002,116.151000000000000,319.899999999999980,4/4/2008 0:00:00,3,72,17.4,10,11
568,40.805999999999997,116.163000000000000,322.699999999999990,4/4/2008 0:00:00,3,75,20.9,10,11
569,40.877000000000002,115.821000000000000,351.600000000000020,4/4/2012 0:00:00,3,96,93.1,10,11
570,40.877000000000002,115.821000000000000,351.600000000000020,4/4/2012 0:00:00,3,96,93.1,10,11
571,40.880000000000003,115.807000000000000,314.000000000000000,4/4/2012 0:00:00,3,53,15.4,10,11
572,40.865000000000002,116.212000000000000,310.300000000000010,4/20/2005 0:00:00,6,13,15.2,10,14
573,40.914999999999999,115.955000000000000,325.600000000000020,3/27/2011 0:00:00,6,79,48.6,10,14
574,40.924999999999997,115.938000000000000,311.899999999999980,3/27/2011 0:00:00,2,52,76.8,10,10
575,40.780999999999999,116.732000000000000,313.500000000000000,3/28/2005 0:00:00,6,45,14.9,10,14
576,40.783000000000001,116.721999999999990,315.000000000000000,7/30/2013 0:00:00,3,61,10.1,10,11
577,40.792999999999999,116.752000000000000,312.000000000000000,7/16/2008 0:00:00,3,52,8.9,10,11
578,40.798000000000002,116.756000000000000,315.500000000000000,6/20/2010 0:00:00,3,45,8.7,10,11
579,40.798000000000002,116.756000000000000,315.500000000000000,6/20/2010 0:00:00,3,45,8.7,10,11
581,40.781999999999996,117.328000000000000,319.800000000000010,4/28/2005 0:00:00,3,72,8.9,10,11
582,40.997999999999998,116.255000000000000,317.899999999999980,4/5/2009 0:00:00,5,69,28.5,10,13
583,41.000999999999998,116.271000000000000,313.800000000000010,4/5/2009 0:00:00,5,59,21.2,10,13
584,40.902999999999999,116.887000000000000,312.100000000000020,9/7/2013 0:00:00,3,52,15.8,10,11
37,39.308999999999997,115.279000000000000,319.500000000000000,4/25/2007 0:00:00,5,64,21.699999999999999,10,13
40,39.396000000000001,114.941999999999990,311.800000000000010,11/18/2004 0:00:00,4,51,136.199999999999990,10,12
43,39.484000000000002,114.895000000000000,315.500000000000000,4/4/2014 0:00:00,6,64,13.300000000000001,10,14
44,39.484999999999999,114.912000000000010,327.800000000000010,4/4/2014 0:00:00,6,81,35.899999999999999,10,14
51,38.899999999999999,116.983000000000000,321.399999999999980,6/30/2006 0:00:00,5,74,14.199999999999999,10,13
70,38.930999999999997,116.983999999999990,320.600000000000020,7/22/2010 0:00:00,3,36,10.900000000000000,10,11
73,39.128999999999998,116.027000000000000,317.399999999999980,9/13/2010 0:00:00,5,68,11.800000000000001,10,13
76,39.008000000000003,116.683000000000010,316.300000000000010,6/6/2005 0:00:00,3,66,7.700000000000000,10,11
88,39.070999999999998,116.736999999999990,313.399999999999980,3/13/2008 0:00:00,5,57,8.000000000000000,10,13
90,38.978999999999999,117.196000000000000,317.100000000000020,7/22/2010 0:00:00,3,24,9.400000000000000,10,11
106,39.125999999999998,116.667000000000000,314.600000000000020,8/30/2012 0:00:00,3,54,8.300000000000001,10,11
108,39.017000000000003,117.311000000000010,319.699999999999990,7/22/2010 0:00:00,3,44,11.400000000000000,10,11
109,39.017000000000003,117.311000000000010,319.699999999999990,7/22/2010 0:00:00,3,44,11.400000000000000,10,11
111,39.017000000000003,117.311000000000010,319.699999999999990,7/22/2010 0:00:00,3,44,11.400000000000000,10,11
115,39.021000000000001,117.309000000000000,320.600000000000020,6/13/2010 0:00:00,3,64,8.699999999999999,10,11
116,39.018999999999998,117.321000000000000,319.500000000000000,6/13/2010 0:00:00,3,28,8.100000000000000,10,11
117,39.021999999999998,117.308000000000010,327.699999999999990,6/13/2014 0:00:00,5,53,15.500000000000000,10,13
118,39.023000000000003,117.312000000000000,318.300000000000010,7/30/2007 0:00:00,3,24,10.400000000000000,10,11
119,39.023000000000003,117.312000000000000,318.300000000000010,7/30/2007 0:00:00,3,24,10.400000000000000,10,11
121,39.023000000000003,117.316000000000000,319.899999999999980,8/7/2010 0:00:00,3,30,11.699999999999999,10,11
122,39.023000000000003,117.316000000000000,319.899999999999980,8/7/2010 0:00:00,3,30,11.699999999999999,10,11
123,39.024999999999999,117.316000000000000,321.899999999999980,6/23/2008 0:00:00,3,65,9.500000000000000,10,11
124,39.027000000000001,117.313999999999990,319.500000000000000,7/22/2010 0:00:00,3,35,10.800000000000001,10,11
128,39.100999999999999,117.011000000000000,319.500000000000000,6/6/2005 0:00:00,3,68,11.100000000000000,10,11
129,39.103999999999999,117.005000000000000,319.699999999999990,7/22/2010 0:00:00,3,65,9.699999999999999,10,11
130,39.103999999999999,117.005000000000000,319.699999999999990,7/22/2010 0:00:00,3,65,9.699999999999999,10,11
138,39.072000000000003,117.340000000000000,320.600000000000020,6/13/2010 0:00:00,3,39,8.699999999999999,10,11
140,39.073999999999998,117.337000000000000,322.000000000000000,8/7/2010 0:00:00,3,31,10.900000000000000,10,11
142,39.140999999999998,117.060000000000000,318.699999999999990,6/6/2005 0:00:00,3,65,8.699999999999999,10,11
148,39.179000000000002,116.897000000000010,319.500000000000000,7/22/2010 0:00:00,3,43,12.100000000000000,10,11
153,39.173000000000002,116.934000000000000,317.399999999999980,7/22/2010 0:00:00,3,50,8.800000000000001,10,11
154,39.088999999999999,117.343999999999990,337.800000000000010,12/6/2014 0:00:00,5,88,66.500000000000000,10,13
160,39.078000000000003,117.505000000000000,320.699999999999990,6/12/2013 0:00:00,3,53,11.100000000000000,10,11
162,39.079000000000001,117.507000000000010,319.100000000000020,7/17/2014 0:00:00,3,71,13.000000000000000,10,11
163,39.079000000000001,117.511000000000000,321.699999999999990,5/30/2014 0:00:00,3,72,8.199999999999999,10,11
171,39.192000000000000,117.035000000000000,321.199999999999990,7/22/2010 0:00:00,3,60,12.900000000000000,10,11
189,39.195999999999998,117.294000000000000,318.199999999999990,6/29/2010 0:00:00,3,62,9.500000000000000,10,11
191,39.198999999999998,117.295000000000000,319.899999999999980,6/13/2010 0:00:00,3,65,8.900000000000000,10,11
192,39.228000000000002,117.170000000000000,320.899999999999980,6/13/2010 0:00:00,3,69,7.900000000000000,10,11
198,39.265000000000001,117.119000000000000,315.899999999999980,6/25/2012 0:00:00,3,42,10.600000000000000,10,11
200,39.223999999999997,117.345000000000000,316.199999999999990,8/7/2010 0:00:00,3,40,9.800000000000001,10,11
201,39.223999999999997,117.345000000000000,316.199999999999990,8/7/2010 0:00:00,3,40,9.800000000000001,10,11
202,39.223999999999997,117.345000000000000,316.199999999999990,8/7/2010 0:00:00,3,40,9.800000000000001,10,11
212,39.265999999999998,117.171000000000010,317.000000000000000,6/25/2012 0:00:00,3,67,12.800000000000001,10,11
213,39.267000000000003,117.169000000000000,319.500000000000000,6/12/2013 0:00:00,3,60,14.600000000000000,10,11
215,39.265000000000001,117.182000000000000,317.100000000000020,6/12/2013 0:00:00,3,33,11.500000000000000,10,11
218,39.250999999999998,117.346999999999990,320.100000000000020,8/13/2013 0:00:00,5,42,12.100000000000000,10,13
227,39.274000000000001,117.486000000000000,316.699999999999990,8/10/2012 0:00:00,5,58,11.300000000000001,10,13
228,39.274000000000001,117.486000000000000,316.699999999999990,8/10/2012 0:00:00,5,58,11.300000000000001,10,13
240,39.356000000000002,117.188999999999990,315.300000000000010,6/25/2012 0:00:00,3,63,13.000000000000000,10,11
246,39.378000000000000,117.232000000000000,316.800000000000010,6/12/2013 0:00:00,3,67,12.199999999999999,10,11
276,39.476999999999997,117.084999999999990,312.899999999999980,6/12/2013 0:00:00,3,56,10.800000000000001,10,11
297,39.423999999999999,117.396000000000000,314.300000000000010,6/25/2012 0:00:00,3,0,15.500000000000000,10,11
299,39.424999999999997,117.395000000000000,319.800000000000010,6/12/2013 0:00:00,3,0,15.600000000000000,10,11
307,39.445999999999998,117.416000000000000,322.600000000000020,6/15/2009 0:00:00,5,75,12.600000000000000,10,13
308,39.445000000000000,117.423000000000000,317.699999999999990,6/20/2010 0:00:00,3,32,11.100000000000000,10,11
309,39.448000000000000,117.423000000000000,316.100000000000020,7/18/2012 0:00:00,3,42,13.000000000000000,10,11
310,39.448000000000000,117.423000000000000,316.100000000000020,7/18/2012 0:00:00,3,42,13.000000000000000,10,11
311,39.448999999999998,117.425000000000000,317.300000000000010,6/2/2010 0:00:00,5,22,12.199999999999999,10,13
313,39.448000000000000,117.428000000000000,320.600000000000020,6/15/2009 0:00:00,5,67,10.699999999999999,10,13
314,39.448000000000000,117.428000000000000,321.300000000000010,6/12/2013 0:00:00,3,57,18.199999999999999,10,11
315,39.448000000000000,117.428000000000000,320.600000000000020,6/15/2009 0:00:00,5,67,10.699999999999999,10,13
316,39.448000000000000,117.428000000000000,321.300000000000010,6/12/2013 0:00:00,3,57,18.199999999999999,10,11
317,39.448999999999998,117.425000000000000,317.300000000000010,6/2/2010 0:00:00,5,22,12.199999999999999,10,13
320,39.453000000000003,117.424000000000010,314.399999999999980,7/22/2010 0:00:00,3,47,9.500000000000000,10,11
322,39.454000000000001,117.425000000000000,318.399999999999980,6/20/2010 0:00:00,3,63,12.600000000000000,10,11