FID,latitude,longitude,brightness,acq_date,acq_time,confidence,frp,RASTERVALU,local_time
394,39.381000000000000,114.943000000000000,315.600000000000020,5/27/2014 0:00:00,6,50,28.300000000000001,5,14
413,39.488000000000000,115.142000000000000,311.199999999999990,4/14/2007 0:00:00,5,35,7.000000000000000,5,13
126,39.411000000000001,115.321000000000000,317.399999999999980,4/11/2011 0:00:00,3,68,8.300000000000001,5,11
508,39.750000000000000,115.767000000000000,325.000000000000000,3/29/2004 0:00:00,3,78,38.000000000000000,6,11
513,39.753000000000000,115.753000000000000,327.000000000000000,3/29/2004 0:00:00,3,80,41.299999999999997,6,11
647,39.753000000000000,115.944999999999990,307.100000000000020,7/27/2004 0:00:00,18,51,18.000000000000000,6,2
720,39.762000000000000,115.976000000000000,324.199999999999990,3/28/2012 0:00:00,3,77,26.899999999999999,6,11
723,39.759999999999998,115.989000000000000,314.100000000000020,3/28/2012 0:00:00,3,60,12.500000000000000,5,11
905,39.872000000000000,115.575000000000000,311.000000000000000,2/20/2006 0:00:00,5,46,14.800000000000001,5,13
912,39.874000000000002,115.587000000000000,328.899999999999980,2/20/2006 0:00:00,5,82,37.200000000000003,5,13
1358,39.779000000000003,116.355999999999990,327.100000000000020,6/28/2011 0:00:00,5,46,11.300000000000001,7,13
1413,39.774000000000001,116.428000000000000,311.000000000000000,10/2/2013 0:00:00,3,33,8.800000000000001,7,11
1434,39.911999999999999,115.748000000000000,349.699999999999990,4/3/2004 0:00:00,5,95,72.099999999999994,5,13
1998,39.914000000000001,116.022000000000010,315.199999999999990,3/30/2012 0:00:00,5,63,58.899999999999999,5,13
4531,39.892000000000003,116.720000000000000,318.300000000000010,8/11/2009 0:00:00,3,45,10.199999999999999,8,11
4589,40.000999999999998,116.253000000000000,313.300000000000010,4/18/2011 0:00:00,3,44,14.600000000000000,8,11
5074,40.097999999999999,115.855999999999990,316.199999999999990,4/24/2005 0:00:00,5,65,13.000000000000000,6,13
5656,40.076999999999998,116.400000000000010,316.199999999999990,5/6/2011 0:00:00,3,52,6.800000000000000,7,11
5709,40.146999999999998,116.087999999999990,310.399999999999980,4/23/2006 0:00:00,6,22,9.300000000000001,5,14
5714,40.146000000000001,116.095000000000000,322.699999999999990,3/30/2005 0:00:00,5,73,15.199999999999999,5,13
5735,40.148000000000003,116.105000000000000,321.399999999999980,4/23/2006 0:00:00,6,74,26.399999999999999,5,14
6214,40.316000000000003,115.775000000000010,311.600000000000020,6/22/2014 0:00:00,3,39,7.400000000000000,7,11
6239,40.125000000000000,116.796000000000010,310.000000000000000,2/20/2008 0:00:00,6,20,74.799999999999997,5,14
6442,39.978000000000002,117.727999999999990,310.000000000000000,4/3/2008 0:00:00,6,20,18.100000000000001,8,14
6479,40.320999999999998,116.069999999999990,329.699999999999990,4/3/2012 0:00:00,6,82,164.000000000000000,6,14
6496,40.091999999999999,117.250000000000000,338.699999999999990,3/9/2013 0:00:00,6,89,92.000000000000000,5,14
6507,40.094000000000001,117.266000000000010,318.300000000000010,3/9/2013 0:00:00,6,69,39.100000000000001,5,14
6513,40.088000000000001,117.318000000000000,311.399999999999980,4/7/2006 0:00:00,6,31,12.600000000000000,5,14
6526,40.487000000000002,115.313999999999990,318.000000000000000,3/28/2012 0:00:00,3,59,14.699999999999999,7,11
6644,40.128000000000000,117.438999999999990,313.899999999999980,4/4/2012 0:00:00,5,56,11.699999999999999,5,13
6738,40.130000000000003,117.450999999999990,314.100000000000020,4/4/2012 0:00:00,5,60,11.800000000000001,5,13
7128,40.265999999999998,117.541000000000000,322.899999999999980,3/29/2011 0:00:00,6,76,29.100000000000001,4,14
7134,40.276000000000003,117.539000000000000,355.899999999999980,3/29/2011 0:00:00,6,98,117.200000000000000,5,14
7143,40.533999999999999,116.322000000000000,351.500000000000000,4/22/2014 0:00:00,6,96,83.900000000000006,5,14
7158,40.512000000000000,116.575999999999990,312.100000000000020,2/26/2012 0:00:00,6,53,44.899999999999999,5,14
7177,40.313000000000002,117.733000000000000,312.699999999999990,9/13/2010 0:00:00,5,51,6.300000000000000,5,13
7192,40.435000000000002,117.277000000000000,313.500000000000000,3/16/2014 0:00:00,5,58,19.899999999999999,5,13
7215,40.521000000000001,116.998000000000000,390.500000000000000,4/3/2014 0:00:00,3,94,267.000000000000000,3,11
7225,40.433000000000000,117.543000000000010,332.300000000000010,3/25/2005 0:00:00,5,85,45.799999999999997,5,13
7231,40.420999999999999,117.630000000000000,312.100000000000020,4/27/2005 0:00:00,6,53,16.100000000000001,5,14
7233,40.436999999999998,117.553000000000000,311.000000000000000,3/25/2005 0:00:00,3,45,15.600000000000000,5,11
7236,40.384999999999998,117.830000000000000,313.100000000000020,8/22/2007 0:00:00,5,57,10.600000000000000,5,13
7256,40.744000000000000,116.184000000000000,326.399999999999980,4/8/2012 0:00:00,5,79,108.400000000000010,5,13
7257,40.484999999999999,117.510000000000010,310.100000000000020,2/27/2008 0:00:00,3,30,17.100000000000001,5,11
7259,40.750000000000000,116.209000000000000,315.100000000000020,4/8/2012 0:00:00,5,63,60.299999999999997,5,13
7272,40.889000000000003,115.714000000000000,318.300000000000010,4/7/2012 0:00:00,6,27,24.000000000000000,8,14
7279,40.500000000000000,117.756000000000000,316.600000000000020,5/23/2006 0:00:00,6,40,27.199999999999999,5,14
7280,40.902000000000001,115.735000000000000,316.800000000000010,4/7/2012 0:00:00,4,40,91.299999999999997,1,12
7282,40.683999999999997,116.878000000000000,313.300000000000010,4/28/2007 0:00:00,5,45,9.100000000000000,5,13
7283,40.502000000000002,117.786000000000000,318.199999999999990,5/23/2006 0:00:00,6,64,33.000000000000000,5,14
7284,40.508000000000003,117.780000000000000,316.899999999999980,5/23/2006 0:00:00,6,61,29.699999999999999,5,14
7286,40.555000000000000,117.638000000000010,316.899999999999980,4/9/2014 0:00:00,3,67,15.800000000000001,5,11
7288,40.555000000000000,117.715000000000000,312.000000000000000,11/12/2006 0:00:00,5,47,14.400000000000000,6,13
7295,40.741999999999997,116.947000000000000,322.100000000000020,3/8/2013 0:00:00,3,75,29.800000000000001,5,11
7296,40.740000000000002,116.959999999999990,327.199999999999990,3/8/2013 0:00:00,3,80,37.700000000000003,5,11
7297,40.753000000000000,116.913000000000000,311.699999999999990,4/11/2011 0:00:00,5,50,15.000000000000000,5,13
7298,40.756000000000000,116.927000000000010,311.399999999999980,4/11/2011 0:00:00,5,49,14.900000000000000,5,13
7319,40.676000000000002,117.532000000000000,310.199999999999990,11/4/2005 0:00:00,5,32,17.100000000000001,5,13
7320,40.686000000000000,117.485000000000000,310.699999999999990,4/5/2012 0:00:00,3,20,36.700000000000003,5,11
7323,40.698999999999998,117.486000000000000,324.699999999999990,4/5/2012 0:00:00,3,78,93.000000000000000,5,11
7325,40.707000000000001,117.459000000000000,314.000000000000000,4/4/2012 0:00:00,5,60,15.900000000000000,5,13
7326,40.697000000000003,117.514000000000000,310.600000000000020,4/5/2012 0:00:00,3,41,38.200000000000003,5,11
7330,40.851999999999997,116.840999999999990,312.199999999999990,3/25/2004 0:00:00,6,52,12.100000000000000,5,14
7335,40.811000000000000,117.284000000000010,310.000000000000000,4/5/2004 0:00:00,5,14,6.800000000000000,5,13
7338,40.795999999999999,117.399000000000000,320.300000000000010,3/18/2009 0:00:00,5,72,16.300000000000001,5,13
7343,40.981999999999999,116.580000000000000,351.000000000000000,3/24/2006 0:00:00,4,96,255.099999999999990,5,12
7344,40.982999999999997,116.575999999999990,313.699999999999990,3/25/2006 0:00:00,3,56,27.600000000000001,5,11
7347,40.892000000000003,117.054000000000000,318.000000000000000,6/16/2012 0:00:00,5,69,17.300000000000001,5,13
7349,40.893999999999998,117.053000000000000,319.600000000000020,6/19/2013 0:00:00,5,63,16.699999999999999,5,13
7358,40.948999999999998,116.848000000000000,328.800000000000010,3/23/2006 0:00:00,3,82,34.600000000000001,5,11
7359,40.966000000000001,116.796000000000010,313.100000000000020,3/21/2006 0:00:00,3,57,12.600000000000000,6,11
49,38.801000000000002,116.019000000000010,312.000000000000000,1/27/2008 0:00:00,5,52,22.800000000000001,1,13
53,38.811000000000000,116.008000000000000,310.000000000000000,2/16/2008 0:00:00,3,21,17.399999999999999,1,11
127,38.865000000000002,116.036000000000000,319.800000000000010,2/4/2004 0:00:00,6,72,49.399999999999999,1,14
133,38.877000000000002,116.016000000000010,310.500000000000000,3/26/2006 0:00:00,5,39,14.400000000000000,1,13
157,38.905999999999999,116.021000000000000,310.500000000000000,2/18/2006 0:00:00,6,39,22.899999999999999,1,14
216,38.939999999999998,115.982000000000000,320.100000000000020,2/5/2008 0:00:00,5,72,38.299999999999997,1,13
249,38.939999999999998,116.014000000000000,328.300000000000010,1/23/2011 0:00:00,3,81,42.399999999999999,8,11
254,38.953000000000003,115.965000000000000,322.000000000000000,2/14/2004 0:00:00,3,75,26.500000000000000,1,11
672,38.893999999999998,117.089000000000000,316.199999999999990,3/29/2011 0:00:00,6,65,11.300000000000001,0,14
681,39.109000000000002,116.023000000000000,313.100000000000020,6/29/2005 0:00:00,3,19,7.800000000000000,7,11
1014,39.134000000000000,116.376000000000000,316.199999999999990,7/11/2006 0:00:00,3,29,8.900000000000000,7,11
1016,39.134000000000000,116.377000000000000,318.000000000000000,4/30/2009 0:00:00,3,67,8.199999999999999,7,11
1018,39.134000000000000,116.378000000000000,327.800000000000010,6/20/2010 0:00:00,3,71,19.699999999999999,7,11
1025,39.134000000000000,116.380000000000000,316.500000000000000,6/25/2012 0:00:00,3,63,10.800000000000001,7,11
1028,39.134999999999998,116.376000000000000,322.500000000000000,6/17/2007 0:00:00,5,52,8.000000000000000,7,13
1030,39.134999999999998,116.377000000000000,329.399999999999980,7/9/2011 0:00:00,3,66,15.699999999999999,7,11
1038,39.136000000000003,116.379000000000000,326.600000000000020,6/30/2012 0:00:00,5,71,17.199999999999999,7,13
1047,39.137000000000000,116.378000000000000,330.600000000000020,7/6/2010 0:00:00,3,70,17.300000000000001,7,11
1053,39.137999999999998,116.376000000000000,321.300000000000010,6/19/2008 0:00:00,5,62,10.000000000000000,7,13
1100,38.969999999999999,117.242000000000000,332.399999999999980,2/22/2013 0:00:00,3,85,45.000000000000000,6,11
1316,39.042000000000002,117.161000000000000,324.100000000000020,6/9/2012 0:00:00,3,77,14.100000000000000,9,11
1563,39.042000000000002,117.370000000000000,328.899999999999980,4/18/2013 0:00:00,3,82,29.300000000000001,8,11
1758,39.113999999999997,117.303000000000000,318.100000000000020,8/29/2013 0:00:00,5,43,8.199999999999999,9,13
1763,39.116000000000000,117.303000000000000,315.100000000000020,4/12/2009 0:00:00,5,44,8.300000000000001,9,13
1787,39.094999999999999,117.415000000000010,323.899999999999980,7/9/2011 0:00:00,3,28,10.500000000000000,7,11
1792,39.095999999999997,117.413000000000000,310.399999999999980,4/21/2009 0:00:00,3,36,9.699999999999999,7,11
2076,39.186999999999998,117.325000000000000,320.699999999999990,6/12/2011 0:00:00,5,51,8.699999999999999,8,13
2079,39.189000000000000,117.322000000000000,317.300000000000010,6/14/2012 0:00:00,5,67,10.600000000000000,8,13
2085,39.194000000000003,117.305000000000010,323.600000000000020,4/23/2010 0:00:00,6,77,77.900000000000006,8,14
2381,39.212000000000003,117.526000000000000,311.399999999999980,4/3/2010 0:00:00,3,41,13.600000000000000,1,11
2386,39.213999999999999,117.518000000000000,314.699999999999990,3/10/2011 0:00:00,5,62,20.699999999999999,1,13
2453,39.334000000000003,117.114999999999990,319.899999999999980,6/12/2009 0:00:00,3,72,8.900000000000000,16,11
2496,39.311999999999998,117.331000000000000,323.100000000000020,4/17/2005 0:00:00,3,76,46.899999999999999,1,11
2499,39.283000000000001,117.474999999999990,325.300000000000010,3/4/2011 0:00:00,6,78,52.500000000000000,1,14
2535,39.292999999999999,117.468000000000000,324.899999999999980,1/28/2007 0:00:00,5,78,79.599999999999994,1,13
2541,39.320000000000000,117.339000000000000,311.500000000000000,3/30/2011 0:00:00,5,49,36.100000000000001,8,13
2546,39.322000000000003,117.334000000000000,311.100000000000020,3/30/2011 0:00:00,5,34,29.699999999999999,1,13
2593,39.302999999999997,117.471000000000000,312.699999999999990,1/29/2005 0:00:00,3,46,25.399999999999999,1,11
2594,39.301000000000002,117.482000000000000,329.399999999999980,1/31/2008 0:00:00,5,82,94.900000000000006,1,13
2610,39.293999999999997,117.554000000000000,319.300000000000010,3/22/2011 0:00:00,5,71,24.800000000000001,6,13
2620,39.299999999999997,117.538000000000000,311.800000000000010,2/12/2005 0:00:00,3,51,38.100000000000001,1,11
2641,39.310000000000002,117.535000000000000,310.000000000000000,2/12/2005 0:00:00,5,19,19.500000000000000,1,13
2648,39.369000000000000,117.256000000000000,325.000000000000000,6/14/2007 0:00:00,3,76,12.900000000000000,1,11
2665,39.369000000000000,117.282000000000000,326.199999999999990,3/14/2009 0:00:00,6,79,56.600000000000001,3,14
2679,39.304000000000002,117.624000000000000,321.199999999999990,3/28/2012 0:00:00,5,68,26.500000000000000,8,13
2798,39.429000000000002,117.236000000000000,315.699999999999990,2/5/2012 0:00:00,5,64,26.600000000000001,3,13
2811,39.430999999999997,117.249000000000000,345.199999999999990,2/5/2012 0:00:00,5,93,77.000000000000000,1,13
2842,39.442000000000000,117.252000000000000,316.000000000000000,1/31/2012 0:00:00,5,49,29.399999999999999,1,13
2930,39.417999999999999,117.393000000000000,316.500000000000000,6/26/2013 0:00:00,5,0,11.300000000000001,8,13
2977,39.456000000000003,117.232000000000000,316.399999999999980,5/6/2012 0:00:00,3,65,24.500000000000000,1,11
2978,39.462000000000003,117.203000000000000,311.300000000000010,4/9/2014 0:00:00,3,41,19.100000000000001,1,11
2985,39.451000000000001,117.265000000000000,312.300000000000010,7/25/2008 0:00:00,3,53,7.100000000000000,8,11
2991,39.463999999999999,117.212999999999990,322.800000000000010,4/13/2006 0:00:00,3,76,35.600000000000001,1,11
3063,39.469999999999999,117.351000000000000,311.699999999999990,3/13/2008 0:00:00,5,50,12.400000000000000,8,13
3075,39.478999999999999,117.357000000000000,313.199999999999990,2/19/2012 0:00:00,6,57,33.000000000000000,1,14
3086,39.484999999999999,117.383000000000000,320.300000000000010,2/22/2013 0:00:00,5,72,92.000000000000000,3,13
3087,39.512999999999998,117.251000000000000,315.199999999999990,6/21/2014 0:00:00,6,33,38.899999999999999,8,14
3149,39.503999999999998,117.436000000000010,314.600000000000020,2/23/2012 0:00:00,4,61,54.399999999999999,3,12
3229,39.539000000000001,117.467000000000000,311.199999999999990,12/9/2012 0:00:00,5,47,31.000000000000000,1,13
3240,39.549999999999997,117.456000000000000,314.100000000000020,3/26/2014 0:00:00,6,60,46.299999999999997,1,14
3355,39.621000000000002,117.367999999999990,318.000000000000000,6/19/2006 0:00:00,6,56,12.800000000000001,1,14
3738,40.048000000000002,117.944999999999990,313.800000000000010,4/27/2012 0:00:00,4,59,27.199999999999999,9,12