FID,latitude,longitude,brightness,acq_date,acq_time,confidence,frp,RASTERVALU,local_time
0,38.686000000000000,116.299000000000010,332.399999999999980,3/26/2011 0:00:00,14,100,59.600000000000001,12,22
1,38.697000000000003,116.281000000000010,315.100000000000020,10/11/2013 0:00:00,3,63,10.000000000000000,12,11
2,38.713000000000001,116.224999999999990,315.899999999999980,6/30/2008 0:00:00,3,65,9.800000000000001,12,11
3,38.713000000000001,116.224999999999990,315.899999999999980,6/30/2008 0:00:00,3,65,9.800000000000001,12,11
4,38.731999999999999,116.134000000000000,318.399999999999980,10/18/2013 0:00:00,3,69,20.300000000000001,13,11
5,38.729999999999997,116.145000000000000,321.800000000000010,10/18/2013 0:00:00,3,74,24.800000000000001,13,11
6,38.734000000000002,116.129000000000000,318.899999999999980,5/27/2011 0:00:00,5,28,11.000000000000000,13,13
7,38.737000000000002,116.133000000000000,315.699999999999990,6/30/2008 0:00:00,3,44,6.800000000000000,13,11
8,38.744999999999997,116.119000000000000,317.899999999999980,5/5/2009 0:00:00,5,28,9.800000000000001,12,13
9,38.767000000000003,116.187000000000000,310.600000000000020,10/11/2013 0:00:00,3,41,6.300000000000000,12,11
10,38.798000000000002,116.148000000000000,327.699999999999990,6/9/2012 0:00:00,3,81,12.400000000000000,12,11
11,38.796999999999997,116.160000000000000,326.600000000000020,6/9/2012 0:00:00,3,80,10.600000000000000,12,11
12,38.796999999999997,116.162000000000010,324.300000000000010,6/15/2014 0:00:00,3,77,13.199999999999999,12,11
13,38.798999999999999,116.150000000000010,322.899999999999980,6/15/2014 0:00:00,3,76,11.300000000000001,12,11
14,38.796999999999997,116.162000000000010,324.300000000000010,6/15/2014 0:00:00,3,77,13.199999999999999,12,11
15,38.825000000000003,116.054000000000000,314.199999999999990,7/23/2008 0:00:00,3,53,10.000000000000000,12,11
16,38.859000000000002,116.022000000000010,310.500000000000000,7/24/2010 0:00:00,3,32,6.700000000000000,8,11
17,38.887999999999998,115.940000000000000,321.000000000000000,6/26/2013 0:00:00,5,56,15.400000000000000,12,13
18,38.920000000000002,115.911000000000000,306.199999999999990,6/20/2005 0:00:00,15,43,9.500000000000000,12,23
19,38.927000000000000,115.967000000000000,316.100000000000020,7/30/2013 0:00:00,3,65,10.500000000000000,12,11
20,38.941000000000003,115.915000000000010,307.199999999999990,6/20/2005 0:00:00,15,53,10.800000000000001,12,23
21,38.868000000000002,116.393000000000000,319.399999999999980,9/19/2014 0:00:00,3,71,16.600000000000001,12,11
22,38.920000000000002,116.310000000000000,320.699999999999990,5/27/2011 0:00:00,5,71,12.300000000000001,12,13
23,38.921999999999997,116.308000000000010,328.899999999999980,6/9/2012 0:00:00,3,82,12.199999999999999,12,11
24,38.921999999999997,116.308000000000010,328.899999999999980,6/9/2012 0:00:00,3,82,12.199999999999999,12,11
25,38.911000000000001,116.482000000000000,314.399999999999980,3/23/2009 0:00:00,6,61,10.400000000000000,13,14
26,38.993000000000002,116.117999999999990,315.300000000000010,6/14/2007 0:00:00,14,88,21.000000000000000,12,22
27,39.003000000000000,116.092000000000000,326.300000000000010,6/28/2011 0:00:00,5,77,14.400000000000000,12,13
28,39.005000000000003,116.089000000000000,323.199999999999990,5/27/2011 0:00:00,5,68,14.800000000000001,13,13
29,38.829000000000001,116.976000000000000,311.100000000000020,3/16/2009 0:00:00,6,46,6.200000000000000,12,14
30,39.002000000000002,116.116000000000000,314.000000000000000,6/14/2007 0:00:00,14,84,19.399999999999999,12,22
31,39.003999999999998,116.128000000000000,309.800000000000010,6/14/2007 0:00:00,14,68,15.000000000000000,12,22
32,38.875000000000000,116.777000000000000,323.699999999999990,7/16/2012 0:00:00,5,33,13.900000000000000,12,13
33,39.009000000000000,116.121000000000000,321.199999999999990,6/14/2007 0:00:00,14,100,30.199999999999999,12,22
34,38.878999999999998,116.794000000000000,319.899999999999980,6/15/2014 0:00:00,3,39,10.800000000000001,12,11
35,38.853000000000002,116.935000000000000,315.699999999999990,8/7/2010 0:00:00,3,64,10.000000000000000,12,11
36,38.856000000000002,116.932000000000000,318.600000000000020,7/22/2010 0:00:00,3,70,11.199999999999999,14,11
37,38.853999999999999,116.944000000000000,315.600000000000020,7/22/2010 0:00:00,3,62,8.000000000000000,12,11
38,38.853999999999999,116.944000000000000,315.600000000000020,7/22/2010 0:00:00,3,62,8.000000000000000,12,11
39,38.869999999999997,116.973000000000000,313.300000000000010,11/20/2013 0:00:00,6,58,33.000000000000000,12,14
40,38.994000000000000,116.367000000000000,322.000000000000000,6/26/2013 0:00:00,5,39,14.100000000000000,12,13
41,39.017000000000003,116.337000000000000,316.199999999999990,6/25/2010 0:00:00,5,52,6.800000000000000,12,13
42,38.965000000000003,116.608000000000000,315.300000000000010,6/15/2014 0:00:00,3,50,5.000000000000000,12,11
43,38.904000000000003,116.932000000000000,321.300000000000010,7/22/2010 0:00:00,3,74,15.600000000000000,12,11
44,38.904000000000003,116.932000000000000,321.300000000000010,7/22/2010 0:00:00,3,74,15.600000000000000,12,11
45,38.895000000000003,116.977999999999990,324.500000000000000,6/10/2007 0:00:00,5,78,8.800000000000001,12,13
46,38.898000000000003,116.968999999999990,317.100000000000020,7/22/2010 0:00:00,3,67,11.300000000000001,12,11
47,38.898000000000003,116.971000000000000,322.199999999999990,6/30/2006 0:00:00,5,75,15.300000000000001,12,13
48,38.896000000000001,116.980999999999990,316.699999999999990,7/22/2010 0:00:00,3,65,10.500000000000000,12,11
49,39.015999999999998,116.397000000000010,316.000000000000000,8/24/2012 0:00:00,5,41,10.199999999999999,12,13
50,39.015999999999998,116.399000000000000,311.100000000000020,8/23/2012 0:00:00,3,26,8.500000000000000,12,11
51,38.899999999999999,116.983000000000000,321.399999999999980,6/30/2006 0:00:00,5,74,14.199999999999999,10,13
52,38.904000000000003,116.976000000000000,320.399999999999980,7/22/2010 0:00:00,3,42,12.500000000000000,12,11
53,39.034999999999997,116.339000000000000,327.399999999999980,11/8/2013 0:00:00,4,80,69.900000000000006,12,12
54,39.033999999999999,116.345000000000000,327.100000000000020,11/8/2013 0:00:00,4,80,68.400000000000006,12,12
55,39.030999999999999,116.374000000000000,330.000000000000000,6/9/2012 0:00:00,3,74,10.699999999999999,12,11
56,39.031999999999996,116.371000000000000,323.899999999999980,6/25/2010 0:00:00,5,77,16.899999999999999,12,13
57,39.030999999999999,116.377000000000000,320.600000000000020,6/15/2014 0:00:00,3,51,11.699999999999999,12,11
58,39.033000000000001,116.375000000000000,327.899999999999980,5/27/2011 0:00:00,5,81,14.900000000000000,12,13
59,39.033000000000001,116.375000000000000,327.899999999999980,5/27/2011 0:00:00,5,81,14.900000000000000,12,13
60,39.033000000000001,116.375000000000000,327.899999999999980,5/27/2011 0:00:00,5,81,14.900000000000000,12,13
61,39.033999999999999,116.383000000000000,320.100000000000020,6/25/2010 0:00:00,5,72,12.199999999999999,12,13
62,39.039999999999999,116.376000000000000,327.500000000000000,6/9/2012 0:00:00,3,73,8.000000000000000,12,11
63,39.000999999999998,116.572999999999990,325.100000000000020,8/16/2014 0:00:00,5,20,18.199999999999999,12,13
64,39.037999999999997,116.388000000000010,326.500000000000000,6/9/2012 0:00:00,3,69,6.900000000000000,12,11
65,39.039999999999999,116.379000000000000,316.800000000000010,6/15/2014 0:00:00,3,52,8.100000000000000,12,11
66,39.122000000000000,116.021000000000000,311.500000000000000,4/3/2009 0:00:00,5,49,6.100000000000000,13,13
67,39.122000000000000,116.021000000000000,322.699999999999990,9/13/2010 0:00:00,5,58,15.100000000000000,13,13
68,39.122000000000000,116.021000000000000,311.500000000000000,4/3/2009 0:00:00,5,49,6.100000000000000,13,13
69,39.122000000000000,116.021000000000000,322.699999999999990,9/13/2010 0:00:00,5,58,15.100000000000000,13,13
70,38.930999999999997,116.983999999999990,320.600000000000020,7/22/2010 0:00:00,3,36,10.900000000000000,10,11
71,38.929000000000002,116.996000000000000,320.399999999999980,7/22/2010 0:00:00,3,44,11.699999999999999,14,11
72,38.929000000000002,116.996000000000000,320.399999999999980,7/22/2010 0:00:00,3,44,11.699999999999999,14,11
73,39.128999999999998,116.027000000000000,317.399999999999980,9/13/2010 0:00:00,5,68,11.800000000000001,10,13
74,39.088999999999999,116.255000000000000,365.699999999999990,5/7/2005 0:00:00,18,100,129.099999999999990,12,2
75,39.087000000000003,116.267000000000000,306.300000000000010,5/7/2005 0:00:00,18,44,18.300000000000001,12,2
76,39.008000000000003,116.683000000000010,316.300000000000010,6/6/2005 0:00:00,3,66,7.700000000000000,10,11
77,38.957999999999998,116.937000000000000,322.100000000000020,6/30/2006 0:00:00,5,75,15.400000000000000,13,13
78,38.957999999999998,116.940000000000000,323.300000000000010,7/22/2010 0:00:00,3,32,14.500000000000000,13,11
79,38.948999999999998,117.044000000000000,310.199999999999990,4/3/2010 0:00:00,3,34,6.500000000000000,12,11
80,39.052999999999997,116.642000000000000,317.399999999999980,8/16/2014 0:00:00,5,59,12.900000000000000,12,13
81,39.052999999999997,116.642000000000000,317.399999999999980,8/16/2014 0:00:00,5,59,12.900000000000000,12,13
82,39.057000000000002,116.641000000000010,323.300000000000010,5/17/2012 0:00:00,3,72,7.600000000000000,12,11
83,39.057000000000002,116.641000000000010,323.300000000000010,5/17/2012 0:00:00,3,72,7.600000000000000,12,11
84,39.127000000000002,116.318000000000000,322.899999999999980,5/27/2011 0:00:00,5,72,10.800000000000001,12,13
85,39.131999999999998,116.319999999999990,329.600000000000020,6/9/2012 0:00:00,3,82,14.800000000000001,12,11
86,39.082000000000001,116.613000000000000,315.699999999999990,8/16/2014 0:00:00,5,38,9.800000000000001,12,13
87,39.063000000000002,116.724999999999990,326.300000000000010,5/17/2012 0:00:00,3,70,12.500000000000000,12,11
88,39.070999999999998,116.736999999999990,313.399999999999980,3/13/2008 0:00:00,5,57,8.000000000000000,10,13
89,39.070000000000000,116.742000000000000,306.800000000000010,7/22/2010 0:00:00,14,49,7.200000000000000,12,22
90,38.978999999999999,117.196000000000000,317.100000000000020,7/22/2010 0:00:00,3,24,9.400000000000000,10,11
91,39.121000000000002,116.497000000000000,334.699999999999990,6/16/2005 0:00:00,6,86,19.000000000000000,12,14
92,39.073000000000000,116.739999999999990,305.500000000000000,7/6/2006 0:00:00,14,32,9.800000000000001,12,22
93,39.073999999999998,116.742999999999990,310.100000000000020,3/30/2006 0:00:00,3,31,5.600000000000000,12,11
94,39.073999999999998,116.742999999999990,310.100000000000020,3/30/2006 0:00:00,3,31,5.600000000000000,12,11
95,39.075000000000003,116.742000000000000,305.500000000000000,7/5/2007 0:00:00,14,33,8.900000000000000,12,22
96,39.122999999999998,116.510000000000010,332.100000000000020,6/16/2005 0:00:00,6,84,14.400000000000000,12,14
97,39.006999999999998,117.087999999999990,317.600000000000020,7/21/2011 0:00:00,5,64,10.199999999999999,12,13
98,39.002000000000002,117.143000000000000,310.199999999999990,3/14/2012 0:00:00,3,31,14.500000000000000,12,11
99,39.090000000000003,116.782000000000000,328.600000000000020,7/16/2012 0:00:00,5,44,17.199999999999999,12,13
100,39.121000000000002,116.658000000000000,314.699999999999990,7/21/2007 0:00:00,3,53,11.500000000000000,12,11
101,39.033999999999999,117.095000000000000,320.199999999999990,7/22/2010 0:00:00,3,41,11.699999999999999,14,11
102,39.034999999999997,117.095000000000000,314.800000000000010,6/25/2012 0:00:00,3,19,9.000000000000000,14,11
103,39.034999999999997,117.095000000000000,314.800000000000010,6/25/2012 0:00:00,3,19,9.000000000000000,14,11
104,39.104999999999997,116.754000000000000,326.500000000000000,5/17/2012 0:00:00,3,61,9.900000000000000,12,11
105,39.125000000000000,116.671000000000010,314.899999999999980,9/11/2013 0:00:00,3,55,9.600000000000000,12,11
106,39.125999999999998,116.667000000000000,314.600000000000020,8/30/2012 0:00:00,3,54,8.300000000000001,10,11
107,39.148000000000003,116.650000000000010,316.300000000000010,7/26/2005 0:00:00,3,62,10.400000000000000,13,11
108,39.017000000000003,117.311000000000010,319.699999999999990,7/22/2010 0:00:00,3,44,11.400000000000000,10,11
109,39.017000000000003,117.311000000000010,319.699999999999990,7/22/2010 0:00:00,3,44,11.400000000000000,10,11
110,39.213000000000001,116.340000000000000,319.899999999999980,5/27/2011 0:00:00,5,72,9.800000000000001,12,13
111,39.017000000000003,117.311000000000010,319.699999999999990,7/22/2010 0:00:00,3,44,11.400000000000000,10,11
112,39.073999999999998,117.035000000000000,317.899999999999980,6/30/2006 0:00:00,5,69,10.199999999999999,12,13
113,39.073000000000000,117.041000000000000,315.699999999999990,6/25/2012 0:00:00,3,55,11.000000000000000,12,11
114,39.079999999999998,117.018000000000000,312.800000000000010,3/28/2012 0:00:00,3,56,13.400000000000000,13,11
115,39.021000000000001,117.309000000000000,320.600000000000020,6/13/2010 0:00:00,3,64,8.699999999999999,10,11
116,39.018999999999998,117.321000000000000,319.500000000000000,6/13/2010 0:00:00,3,28,8.100000000000000,10,11
117,39.021999999999998,117.308000000000010,327.699999999999990,6/13/2014 0:00:00,5,53,15.500000000000000,10,13
118,39.023000000000003,117.312000000000000,318.300000000000010,7/30/2007 0:00:00,3,24,10.400000000000000,10,11
119,39.023000000000003,117.312000000000000,318.300000000000010,7/30/2007 0:00:00,3,24,10.400000000000000,10,11
120,39.017000000000003,117.340999999999990,316.899999999999980,5/12/2010 0:00:00,5,59,21.800000000000001,12,13
121,39.023000000000003,117.316000000000000,319.899999999999980,8/7/2010 0:00:00,3,30,11.699999999999999,10,11
122,39.023000000000003,117.316000000000000,319.899999999999980,8/7/2010 0:00:00,3,30,11.699999999999999,10,11
123,39.024999999999999,117.316000000000000,321.899999999999980,6/23/2008 0:00:00,3,65,9.500000000000000,10,11
124,39.027000000000001,117.313999999999990,319.500000000000000,7/22/2010 0:00:00,3,35,10.800000000000001,10,11
125,39.146999999999998,116.745000000000000,312.600000000000020,3/23/2010 0:00:00,5,55,13.199999999999999,12,13
126,39.097999999999999,117.004000000000000,318.100000000000020,6/30/2006 0:00:00,5,67,9.100000000000000,14,13
127,39.081000000000003,117.099000000000000,319.800000000000010,6/25/2010 0:00:00,5,46,8.100000000000000,12,13
128,39.100999999999999,117.011000000000000,319.500000000000000,6/6/2005 0:00:00,3,68,11.100000000000000,10,11
129,39.103999999999999,117.005000000000000,319.699999999999990,7/22/2010 0:00:00,3,65,9.699999999999999,10,11
130,39.103999999999999,117.005000000000000,319.699999999999990,7/22/2010 0:00:00,3,65,9.699999999999999,10,11
131,39.101999999999997,117.017000000000000,319.100000000000020,7/22/2010 0:00:00,3,47,8.800000000000001,14,11
132,39.042000000000002,117.358999999999990,313.800000000000010,3/23/2010 0:00:00,5,59,18.699999999999999,12,13
133,39.046999999999997,117.340000000000000,314.100000000000020,3/16/2014 0:00:00,5,60,13.400000000000000,12,13
134,39.042999999999999,117.364999999999990,321.100000000000020,3/23/2010 0:00:00,5,74,31.600000000000001,12,13
135,39.238000000000000,116.422000000000000,320.000000000000000,6/17/2005 0:00:00,3,72,10.600000000000000,12,11
136,39.264000000000003,116.322999999999990,312.199999999999990,10/11/2013 0:00:00,3,53,9.199999999999999,12,11
137,39.070999999999998,117.334999999999990,321.800000000000010,7/19/2007 0:00:00,5,8,9.500000000000000,7,13
138,39.072000000000003,117.340000000000000,320.600000000000020,6/13/2010 0:00:00,3,39,8.699999999999999,10,11
139,39.177000000000000,116.833000000000000,316.699999999999990,8/29/2012 0:00:00,6,66,14.600000000000000,12,14
140,39.073999999999998,117.337000000000000,322.000000000000000,8/7/2010 0:00:00,3,31,10.900000000000000,10,11
141,39.176000000000002,116.840000000000000,317.399999999999980,8/11/2013 0:00:00,5,51,8.800000000000001,12,13
142,39.140999999999998,117.060000000000000,318.699999999999990,6/6/2005 0:00:00,3,65,8.699999999999999,10,11
143,39.143999999999998,117.054000000000000,321.699999999999990,7/22/2010 0:00:00,3,66,11.900000000000000,13,11
144,39.142000000000003,117.066000000000000,324.600000000000020,7/22/2010 0:00:00,3,78,16.000000000000000,13,11
145,39.142000000000003,117.066000000000000,314.399999999999980,6/25/2012 0:00:00,3,53,8.300000000000001,13,11
146,39.142000000000003,117.066000000000000,324.600000000000020,7/22/2010 0:00:00,3,78,16.000000000000000,13,11
147,39.142000000000003,117.066000000000000,314.399999999999980,6/25/2012 0:00:00,3,53,8.300000000000001,13,11
148,39.179000000000002,116.897000000000010,319.500000000000000,7/22/2010 0:00:00,3,43,12.100000000000000,10,11
149,39.174999999999997,116.922000000000000,319.399999999999980,6/25/2010 0:00:00,5,65,10.800000000000001,12,13
150,39.174999999999997,116.922000000000000,318.699999999999990,7/22/2010 0:00:00,3,50,10.600000000000000,12,11
151,39.174999999999997,116.922000000000000,319.399999999999980,6/25/2010 0:00:00,5,65,10.800000000000001,12,13
152,39.174999999999997,116.922000000000000,318.699999999999990,7/22/2010 0:00:00,3,50,10.600000000000000,12,11
153,39.173000000000002,116.934000000000000,317.399999999999980,7/22/2010 0:00:00,3,50,8.800000000000001,10,11
154,39.088999999999999,117.343999999999990,337.800000000000010,12/6/2014 0:00:00,5,88,66.500000000000000,10,13
155,39.216999999999999,116.730999999999990,311.399999999999980,6/25/2012 0:00:00,3,49,7.200000000000000,12,11
156,39.168999999999997,116.992000000000000,313.800000000000010,3/13/2008 0:00:00,5,59,9.500000000000000,12,13
157,39.072000000000003,117.507000000000010,324.300000000000010,7/16/2012 0:00:00,5,57,10.600000000000000,14,13
158,39.076000000000001,117.501000000000000,321.800000000000010,7/18/2012 0:00:00,5,62,11.500000000000000,12,13
159,39.075000000000003,117.518000000000000,318.600000000000020,7/22/2010 0:00:00,3,61,12.800000000000001,12,11
160,39.078000000000003,117.505000000000000,320.699999999999990,6/12/2013 0:00:00,3,53,11.100000000000000,10,11
161,39.078000000000003,117.517000000000000,321.399999999999980,7/18/2012 0:00:00,3,65,14.900000000000000,12,11
162,39.079000000000001,117.507000000000010,319.100000000000020,7/17/2014 0:00:00,3,71,13.000000000000000,10,11
163,39.079000000000001,117.511000000000000,321.699999999999990,5/30/2014 0:00:00,3,72,8.199999999999999,10,11
164,39.078000000000003,117.517000000000000,321.399999999999980,7/18/2012 0:00:00,3,65,14.900000000000000,12,11
165,39.078000000000003,117.517000000000000,321.399999999999980,7/18/2012 0:00:00,3,65,14.900000000000000,12,11
166,39.164000000000001,117.111000000000000,317.699999999999990,6/25/2012 0:00:00,3,68,10.600000000000000,13,11
167,39.116000000000000,117.364000000000000,313.199999999999990,3/14/2012 0:00:00,3,57,15.100000000000000,12,11
168,39.189000000000000,117.015000000000000,313.800000000000010,6/25/2012 0:00:00,3,33,8.000000000000000,12,11
169,39.137000000000000,117.299000000000010,310.199999999999990,5/4/2011 0:00:00,5,31,7.100000000000000,13,13
170,39.198999999999998,117.036000000000000,312.800000000000010,2/11/2009 0:00:00,3,56,16.000000000000000,13,11
171,39.192000000000000,117.035000000000000,321.199999999999990,7/22/2010 0:00:00,3,60,12.900000000000000,10,11
172,39.106000000000002,117.465000000000000,320.300000000000010,5/30/2014 0:00:00,3,53,7.800000000000000,14,11
173,39.140999999999998,117.303000000000000,319.899999999999980,5/15/2011 0:00:00,3,62,8.600000000000000,13,11
174,39.143000000000001,117.297000000000000,318.500000000000000,5/12/2010 0:00:00,3,57,8.900000000000000,13,11
175,39.198999999999998,117.036000000000000,312.800000000000010,2/11/2009 0:00:00,3,56,16.000000000000000,13,11
176,39.128999999999998,117.407000000000000,319.199999999999990,7/22/2010 0:00:00,3,42,10.500000000000000,14,11
177,39.195000000000000,117.093999999999990,314.699999999999990,6/25/2012 0:00:00,3,55,8.100000000000000,13,11
178,39.222000000000001,117.081999999999990,318.000000000000000,7/22/2010 0:00:00,3,27,8.600000000000000,12,11
179,39.222999999999999,117.081999999999990,319.399999999999980,6/25/2012 0:00:00,3,70,15.100000000000000,12,11
180,39.222999999999999,117.081999999999990,319.399999999999980,6/25/2012 0:00:00,3,70,15.100000000000000,12,11
181,39.204000000000001,117.176000000000000,322.600000000000020,6/23/2008 0:00:00,3,75,10.199999999999999,13,11
182,39.189999999999998,117.245000000000000,324.000000000000000,7/18/2012 0:00:00,3,52,14.699999999999999,13,11
183,39.189999999999998,117.246000000000000,323.000000000000000,6/12/2013 0:00:00,3,39,13.000000000000000,13,11
184,39.203000000000003,117.188000000000000,320.000000000000000,6/23/2008 0:00:00,3,63,7.100000000000000,7,11
185,39.194000000000003,117.242000000000000,315.000000000000000,4/27/2011 0:00:00,5,57,10.000000000000000,13,13
186,39.128000000000000,117.595000000000000,312.399999999999980,2/6/2007 0:00:00,5,36,59.799999999999997,12,13
187,39.186999999999998,117.322999999999990,316.100000000000020,6/12/2013 0:00:00,3,45,10.699999999999999,8,11
188,39.195000000000000,117.294000000000000,321.000000000000000,6/23/2008 0:00:00,3,70,10.800000000000001,8,11
189,39.195999999999998,117.294000000000000,318.199999999999990,6/29/2010 0:00:00,3,62,9.500000000000000,10,11
190,39.192000000000000,117.319999999999990,318.000000000000000,7/22/2010 0:00:00,3,64,12.100000000000000,12,11
191,39.198999999999998,117.295000000000000,319.899999999999980,6/13/2010 0:00:00,3,65,8.900000000000000,10,11
192,39.228000000000002,117.170000000000000,320.899999999999980,6/13/2010 0:00:00,3,69,7.900000000000000,10,11
193,39.289999999999999,116.889000000000000,314.699999999999990,7/22/2010 0:00:00,3,62,8.500000000000000,12,11
194,39.292000000000002,116.896000000000000,311.600000000000020,6/25/2012 0:00:00,3,50,8.100000000000000,12,11
195,39.229999999999997,117.212000000000000,321.899999999999980,6/25/2012 0:00:00,3,49,14.500000000000000,13,11
196,39.289000000000001,116.971999999999990,312.399999999999980,6/25/2012 0:00:00,3,54,9.900000000000000,12,11
197,39.225999999999999,117.300000000000000,317.800000000000010,5/12/2010 0:00:00,3,43,9.400000000000000,12,11
198,39.265000000000001,117.119000000000000,315.899999999999980,6/25/2012 0:00:00,3,42,10.600000000000000,10,11
199,39.222000000000001,117.346999999999990,315.500000000000000,7/22/2010 0:00:00,3,37,8.699999999999999,12,11
200,39.223999999999997,117.345000000000000,316.199999999999990,8/7/2010 0:00:00,3,40,9.800000000000001,10,11
201,39.223999999999997,117.345000000000000,316.199999999999990,8/7/2010 0:00:00,3,40,9.800000000000001,10,11
202,39.223999999999997,117.345000000000000,316.199999999999990,8/7/2010 0:00:00,3,40,9.800000000000001,10,11
203,39.261000000000003,117.172000000000000,320.000000000000000,8/13/2013 0:00:00,5,36,12.000000000000000,12,13
204,39.222000000000001,117.378000000000000,320.699999999999990,5/15/2011 0:00:00,3,73,10.400000000000000,12,11
205,39.222000000000001,117.379000000000000,325.800000000000010,6/12/2013 0:00:00,3,79,23.399999999999999,12,11
206,39.222000000000001,117.378000000000000,320.699999999999990,5/15/2011 0:00:00,3,73,10.400000000000000,12,11
207,39.222000000000001,117.378000000000000,320.699999999999990,5/15/2011 0:00:00,3,73,10.400000000000000,12,11
208,39.222000000000001,117.379000000000000,325.800000000000010,6/12/2013 0:00:00,3,79,23.399999999999999,12,11
209,39.222999999999999,117.375000000000000,311.300000000000010,5/4/2011 0:00:00,5,47,12.500000000000000,12,13
210,39.222000000000001,117.383000000000000,317.500000000000000,5/12/2010 0:00:00,3,63,7.500000000000000,12,11
211,39.222000000000001,117.383000000000000,317.500000000000000,5/12/2010 0:00:00,3,63,7.500000000000000,12,11
212,39.265999999999998,117.171000000000010,317.000000000000000,6/25/2012 0:00:00,3,67,12.800000000000001,10,11
213,39.267000000000003,117.169000000000000,319.500000000000000,6/12/2013 0:00:00,3,60,14.600000000000000,10,11
214,39.223999999999997,117.380000000000000,315.199999999999990,8/4/2009 0:00:00,3,50,13.800000000000001,12,11
215,39.265000000000001,117.182000000000000,317.100000000000020,6/12/2013 0:00:00,3,33,11.500000000000000,10,11
216,39.280999999999999,117.105999999999990,313.300000000000010,4/28/2009 0:00:00,5,54,6.900000000000000,14,13
217,39.274000000000001,117.218000000000000,313.699999999999990,6/25/2012 0:00:00,3,38,8.800000000000001,12,11
218,39.250999999999998,117.346999999999990,320.100000000000020,8/13/2013 0:00:00,5,42,12.100000000000000,10,13
219,39.203000000000003,117.665000000000010,313.500000000000000,4/8/2012 0:00:00,3,26,6.000000000000000,12,11
220,39.307000000000002,117.167000000000000,317.199999999999990,4/16/2013 0:00:00,5,67,13.000000000000000,12,13
221,39.325000000000003,117.090000000000000,318.800000000000010,6/20/2014 0:00:00,5,70,10.100000000000000,14,13
222,39.353999999999999,116.982000000000000,313.100000000000020,4/3/2010 0:00:00,3,57,9.199999999999999,12,11
223,39.351999999999997,117.018000000000000,319.000000000000000,6/19/2005 0:00:00,3,71,15.500000000000000,12,11
224,39.304000000000002,117.282000000000000,318.000000000000000,6/15/2009 0:00:00,4,57,16.199999999999999,12,12
225,39.231999999999999,117.684000000000000,331.300000000000010,3/8/2013 0:00:00,3,84,52.100000000000001,12,11
226,39.274000000000001,117.483999999999990,316.800000000000010,8/13/2013 0:00:00,5,67,11.500000000000000,13,13
227,39.274000000000001,117.486000000000000,316.699999999999990,8/10/2012 0:00:00,5,58,11.300000000000001,10,13
228,39.274000000000001,117.486000000000000,316.699999999999990,8/10/2012 0:00:00,5,58,11.300000000000001,10,13
229,39.229999999999997,117.697000000000000,314.100000000000020,3/8/2013 0:00:00,3,60,25.899999999999999,12,11
230,39.381999999999998,116.971000000000000,317.699999999999990,6/20/2014 0:00:00,5,65,7.900000000000000,12,13
231,39.383000000000003,116.976000000000000,317.100000000000020,6/12/2013 0:00:00,3,67,11.800000000000001,12,11
232,39.314999999999998,117.319000000000000,310.000000000000000,4/15/2006 0:00:00,3,13,9.199999999999999,14,11
233,39.328000000000003,117.263000000000010,320.000000000000000,6/19/2005 0:00:00,3,72,21.800000000000001,12,11
234,39.347999999999999,117.174000000000010,306.699999999999990,6/15/2009 0:00:00,15,48,18.100000000000001,14,23
235,39.353000000000002,117.159000000000010,320.800000000000010,6/22/2010 0:00:00,3,73,13.199999999999999,12,11
236,39.289000000000001,117.483000000000000,310.899999999999980,2/6/2011 0:00:00,5,45,19.600000000000001,12,13
237,39.369000000000000,117.113000000000000,314.199999999999990,6/12/2013 0:00:00,3,56,8.800000000000001,14,11
238,39.290999999999997,117.497000000000000,333.899999999999980,2/6/2011 0:00:00,5,86,58.799999999999997,12,13
239,39.290999999999997,117.497000000000000,333.899999999999980,2/6/2011 0:00:00,5,86,58.799999999999997,12,13
240,39.356000000000002,117.188999999999990,315.300000000000010,6/25/2012 0:00:00,3,63,13.000000000000000,10,11
241,39.356999999999999,117.187000000000000,321.300000000000010,6/12/2013 0:00:00,3,74,18.699999999999999,12,11
242,39.283000000000001,117.547000000000000,325.899999999999980,2/25/2011 0:00:00,6,79,43.700000000000003,12,14
243,39.389000000000003,117.044000000000000,314.100000000000020,6/25/2012 0:00:00,3,42,8.300000000000001,13,11
244,39.293999999999997,117.511000000000000,325.199999999999990,2/6/2011 0:00:00,5,78,40.799999999999997,12,13
245,39.380000000000003,117.183000000000010,318.699999999999990,6/19/2005 0:00:00,3,52,13.500000000000000,12,11
246,39.378000000000000,117.232000000000000,316.800000000000010,6/12/2013 0:00:00,3,67,12.199999999999999,10,11
247,39.375999999999998,117.245000000000000,316.000000000000000,6/12/2013 0:00:00,3,64,11.600000000000000,12,11
248,39.380000000000003,117.233999999999990,319.800000000000010,8/10/2012 0:00:00,5,72,14.000000000000000,12,13
249,39.380000000000003,117.233999999999990,319.800000000000010,8/10/2012 0:00:00,5,72,14.000000000000000,12,13
250,39.401000000000003,117.136000000000000,327.199999999999990,6/24/2013 0:00:00,5,80,18.399999999999999,12,13
251,39.398000000000003,117.164000000000000,315.199999999999990,6/22/2010 0:00:00,3,63,7.100000000000000,12,11
252,39.402999999999999,117.148000000000000,324.699999999999990,6/24/2013 0:00:00,5,78,15.300000000000001,12,13
253,39.409999999999997,117.132000000000010,311.100000000000020,6/25/2012 0:00:00,3,25,6.900000000000000,12,11
254,39.409999999999997,117.132000000000010,311.100000000000020,6/25/2012 0:00:00,3,25,6.900000000000000,12,11
255,39.412999999999997,117.138000000000010,315.399999999999980,6/12/2013 0:00:00,3,64,13.000000000000000,12,11
256,39.451000000000001,116.965000000000000,315.800000000000010,6/14/2007 0:00:00,5,64,21.199999999999999,12,13
257,39.418999999999997,117.135000000000010,313.899999999999980,6/25/2012 0:00:00,3,60,10.300000000000001,12,11
258,39.420999999999999,117.133000000000000,318.199999999999990,6/12/2013 0:00:00,3,59,15.000000000000000,12,11
259,39.420999999999999,117.133000000000000,318.199999999999990,6/12/2013 0:00:00,3,59,15.000000000000000,12,11
260,39.456000000000003,116.976000000000000,322.100000000000020,6/24/2010 0:00:00,3,62,15.199999999999999,12,11
261,39.459000000000003,116.965999999999990,317.100000000000020,6/15/2009 0:00:00,4,43,10.400000000000000,12,12
262,39.451000000000001,117.008000000000000,318.300000000000010,6/20/2014 0:00:00,5,64,8.900000000000000,12,13
263,39.457000000000001,116.992000000000000,318.000000000000000,6/14/2007 0:00:00,5,69,31.800000000000001,12,13
264,39.435000000000002,117.117000000000000,325.000000000000000,6/24/2013 0:00:00,5,53,14.500000000000000,14,13
265,39.423000000000002,117.212999999999990,311.199999999999990,6/17/2007 0:00:00,5,20,11.199999999999999,12,13
266,39.305999999999997,117.778000000000010,317.500000000000000,10/11/2006 0:00:00,5,68,18.399999999999999,12,13
267,39.469000000000001,117.030000000000000,321.600000000000020,6/24/2010 0:00:00,3,35,11.400000000000000,12,11
268,39.468000000000004,117.045000000000000,325.000000000000000,6/24/2010 0:00:00,3,69,16.300000000000001,14,11
269,39.469999999999999,117.037000000000010,321.199999999999990,6/24/2013 0:00:00,5,69,8.699999999999999,12,13
270,39.337000000000003,117.700000000000000,321.699999999999990,6/2/2010 0:00:00,5,27,13.699999999999999,12,13
271,39.457999999999998,117.155000000000000,313.899999999999980,6/13/2012 0:00:00,3,54,10.400000000000000,12,11
272,39.496000000000002,116.974999999999990,319.500000000000000,6/24/2010 0:00:00,3,42,11.600000000000000,12,11
273,39.372000000000000,117.592000000000000,319.100000000000020,6/12/2013 0:00:00,3,23,9.500000000000000,12,11
274,39.369000000000000,117.605000000000000,322.399999999999980,6/15/2009 0:00:00,5,75,10.500000000000000,12,13
275,39.372000000000000,117.592000000000000,319.100000000000020,6/12/2013 0:00:00,3,23,9.500000000000000,12,11
276,39.476999999999997,117.084999999999990,312.899999999999980,6/12/2013 0:00:00,3,56,10.800000000000001,10,11
277,39.347999999999999,117.714000000000000,323.899999999999980,6/15/2009 0:00:00,5,77,11.800000000000001,12,13
278,39.375000000000000,117.592000000000000,315.800000000000010,7/21/2013 0:00:00,3,64,14.199999999999999,12,11
279,39.375000000000000,117.592000000000000,315.800000000000010,7/21/2013 0:00:00,3,64,14.199999999999999,12,11
280,39.375000000000000,117.592000000000000,315.800000000000010,7/21/2013 0:00:00,3,64,14.199999999999999,12,11
281,39.375999999999998,117.590000000000000,319.699999999999990,6/15/2009 0:00:00,5,34,6.400000000000000,12,13
282,39.375999999999998,117.593000000000000,321.699999999999990,8/10/2012 0:00:00,5,74,17.000000000000000,12,13
283,39.375999999999998,117.590000000000000,319.699999999999990,6/15/2009 0:00:00,5,34,6.400000000000000,12,13
284,39.375999999999998,117.593000000000000,321.699999999999990,8/10/2012 0:00:00,5,74,17.000000000000000,12,13
285,39.460000000000001,117.186000000000010,314.600000000000020,6/25/2010 0:00:00,4,34,21.500000000000000,12,12
286,39.375999999999998,117.593000000000000,321.699999999999990,8/10/2012 0:00:00,5,74,17.000000000000000,12,13
287,39.375999999999998,117.593000000000000,321.699999999999990,8/10/2012 0:00:00,5,74,17.000000000000000,12,13
288,39.378000000000000,117.584999999999990,323.000000000000000,5/25/2013 0:00:00,5,49,10.000000000000000,12,13
289,39.375999999999998,117.602000000000000,319.699999999999990,6/20/2010 0:00:00,3,72,14.800000000000001,12,11
290,39.375999999999998,117.602000000000000,319.699999999999990,6/20/2010 0:00:00,3,72,14.800000000000001,12,11
291,39.484000000000002,117.075999999999990,323.000000000000000,6/24/2013 0:00:00,5,73,12.600000000000000,14,13
292,39.375999999999998,117.602000000000000,319.699999999999990,6/20/2010 0:00:00,3,72,14.800000000000001,12,11
293,39.378000000000000,117.599000000000000,320.100000000000020,6/2/2010 0:00:00,5,47,11.900000000000000,12,13
294,39.378000000000000,117.602999999999990,325.199999999999990,6/15/2009 0:00:00,5,78,14.400000000000000,12,13
295,39.420999999999999,117.398000000000000,316.699999999999990,8/7/2014 0:00:00,5,0,9.400000000000000,12,13
296,39.381000000000000,117.593999999999990,320.600000000000020,6/12/2013 0:00:00,3,58,11.400000000000000,12,11
297,39.423999999999999,117.396000000000000,314.300000000000010,6/25/2012 0:00:00,3,0,15.500000000000000,10,11
298,39.421999999999997,117.408000000000000,313.000000000000000,6/25/2012 0:00:00,3,46,14.100000000000000,12,11
299,39.424999999999997,117.395000000000000,319.800000000000010,6/12/2013 0:00:00,3,0,15.600000000000000,10,11
300,39.423000000000002,117.407000000000000,326.300000000000010,6/12/2013 0:00:00,3,75,26.100000000000001,12,11
301,39.478000000000002,117.143000000000000,316.500000000000000,6/15/2009 0:00:00,5,42,6.000000000000000,14,13
302,39.491000000000000,117.108999999999990,329.500000000000000,6/24/2010 0:00:00,3,82,25.199999999999999,12,11
303,39.490000000000002,117.124000000000000,323.000000000000000,6/24/2010 0:00:00,3,33,13.600000000000000,14,11
304,39.530999999999999,116.935000000000000,319.600000000000020,6/24/2010 0:00:00,3,14,9.199999999999999,12,11
305,39.531999999999996,116.937000000000000,318.899999999999980,6/21/2004 0:00:00,3,69,9.699999999999999,12,11
306,39.509999999999998,117.051000000000000,318.699999999999990,6/17/2007 0:00:00,5,70,9.300000000000001,12,13
307,39.445999999999998,117.416000000000000,322.600000000000020,6/15/2009 0:00:00,5,75,12.600000000000000,10,13
308,39.445000000000000,117.423000000000000,317.699999999999990,6/20/2010 0:00:00,3,32,11.100000000000000,10,11
309,39.448000000000000,117.423000000000000,316.100000000000020,7/18/2012 0:00:00,3,42,13.000000000000000,10,11
310,39.448000000000000,117.423000000000000,316.100000000000020,7/18/2012 0:00:00,3,42,13.000000000000000,10,11
311,39.448999999999998,117.425000000000000,317.300000000000010,6/2/2010 0:00:00,5,22,12.199999999999999,10,13
312,39.469999999999999,117.321000000000000,314.899999999999980,6/13/2009 0:00:00,4,42,25.100000000000001,12,12
313,39.448000000000000,117.428000000000000,320.600000000000020,6/15/2009 0:00:00,5,67,10.699999999999999,10,13
314,39.448000000000000,117.428000000000000,321.300000000000010,6/12/2013 0:00:00,3,57,18.199999999999999,10,11
315,39.448000000000000,117.428000000000000,320.600000000000020,6/15/2009 0:00:00,5,67,10.699999999999999,10,13
316,39.448000000000000,117.428000000000000,321.300000000000010,6/12/2013 0:00:00,3,57,18.199999999999999,10,11
317,39.448999999999998,117.425000000000000,317.300000000000010,6/2/2010 0:00:00,5,22,12.199999999999999,10,13
318,39.529000000000003,117.041000000000000,325.500000000000000,6/24/2010 0:00:00,3,50,18.199999999999999,12,11
319,39.527999999999999,117.056000000000000,329.800000000000010,6/24/2010 0:00:00,3,83,27.600000000000001,12,11
320,39.453000000000003,117.424000000000010,314.399999999999980,7/22/2010 0:00:00,3,47,9.500000000000000,10,11
321,39.512000000000000,117.141000000000010,319.300000000000010,6/15/2009 0:00:00,5,69,8.400000000000000,12,13
322,39.454000000000001,117.425000000000000,318.399999999999980,6/20/2010 0:00:00,3,63,12.600000000000000,10,11
323,39.523000000000003,117.099999999999990,328.100000000000020,6/24/2010 0:00:00,3,81,22.899999999999999,12,11
324,39.390000000000001,117.858999999999990,314.000000000000000,3/20/2005 0:00:00,3,60,13.699999999999999,12,11
325,39.530000000000001,117.188999999999990,323.600000000000020,6/15/2009 0:00:00,5,76,12.699999999999999,13,13
326,39.512999999999998,117.276000000000000,325.500000000000000,6/24/2010 0:00:00,3,79,23.000000000000000,12,11
327,39.500999999999998,117.349000000000000,313.399999999999980,6/22/2010 0:00:00,3,58,7.400000000000000,12,11
328,39.552999999999997,117.096000000000000,323.000000000000000,6/24/2010 0:00:00,3,76,12.500000000000000,12,11
329,39.472000000000001,117.531000000000010,325.899999999999980,4/7/2013 0:00:00,5,79,30.300000000000001,12,13
330,39.526000000000003,117.286000000000000,312.800000000000010,6/12/2013 0:00:00,3,55,9.199999999999999,12,11
331,39.551000000000002,117.197000000000000,327.600000000000020,6/15/2009 0:00:00,5,73,19.199999999999999,12,13
332,39.427999999999997,117.795000000000000,332.399999999999980,1/27/2006 0:00:00,3,85,50.500000000000000,12,11
333,39.549999999999997,117.212000000000000,321.500000000000000,6/15/2009 0:00:00,4,42,18.699999999999999,12,12
334,39.487000000000002,117.552000000000010,318.199999999999990,5/24/2005 0:00:00,5,61,15.900000000000000,12,13
335,39.436000000000000,117.796000000000010,310.800000000000010,2/5/2010 0:00:00,3,43,20.399999999999999,12,11
336,39.595999999999997,117.033000000000000,314.899999999999980,8/10/2012 0:00:00,5,60,8.000000000000000,12,13
337,39.581000000000003,117.110000000000000,319.300000000000010,6/22/2010 0:00:00,3,32,9.000000000000000,12,11
338,39.555000000000000,117.261000000000000,323.399999999999980,6/13/2009 0:00:00,5,76,11.699999999999999,12,13
339,39.560000000000002,117.239000000000000,319.600000000000020,6/15/2009 0:00:00,4,37,14.500000000000000,12,12
340,39.567000000000000,117.218999999999990,312.199999999999990,6/12/2013 0:00:00,3,44,7.500000000000000,12,11
341,39.590000000000003,117.111999999999990,319.800000000000010,6/22/2010 0:00:00,3,41,10.100000000000000,12,11
342,39.570000000000000,117.227000000000000,311.800000000000010,6/25/2012 0:00:00,3,51,9.100000000000000,12,11
343,39.600000000000001,117.262000000000000,330.000000000000000,6/15/2009 0:00:00,5,83,23.399999999999999,12,13
344,39.634000000000000,117.175000000000000,315.899999999999980,6/20/2010 0:00:00,3,64,7.900000000000000,12,11
345,39.637999999999998,117.169000000000000,310.699999999999990,6/25/2012 0:00:00,3,42,7.800000000000000,12,11
346,39.639000000000003,117.167000000000000,311.300000000000010,6/12/2013 0:00:00,3,43,7.400000000000000,12,11
347,39.588000000000001,117.421000000000010,315.399999999999980,6/27/2012 0:00:00,3,33,8.699999999999999,12,11
348,39.601999999999997,117.354000000000000,316.500000000000000,6/13/2014 0:00:00,4,44,16.300000000000001,12,12
349,39.637000000000000,117.265000000000000,312.100000000000020,7/26/2009 0:00:00,3,50,9.600000000000000,12,11
350,39.637000000000000,117.265000000000000,312.100000000000020,7/26/2009 0:00:00,3,50,9.600000000000000,12,11
351,39.637999999999998,117.266000000000010,326.800000000000010,6/20/2010 0:00:00,3,80,23.300000000000001,12,11
352,39.637999999999998,117.266000000000010,326.800000000000010,6/20/2010 0:00:00,3,80,23.300000000000001,12,11
353,39.637999999999998,117.266000000000010,326.800000000000010,6/20/2010 0:00:00,3,80,23.300000000000001,12,11
354,39.640000000000001,117.262000000000000,315.199999999999990,6/17/2013 0:00:00,5,63,8.400000000000000,12,13
355,39.640000000000001,117.262000000000000,315.199999999999990,6/17/2013 0:00:00,5,63,8.400000000000000,12,13
356,39.640999999999998,117.271000000000000,321.399999999999980,6/12/2013 0:00:00,3,74,17.600000000000001,12,11
357,39.588000000000001,117.644000000000010,316.100000000000020,6/22/2010 0:00:00,3,65,9.900000000000000,12,11
358,39.683000000000000,117.206999999999990,318.199999999999990,6/20/2010 0:00:00,3,69,10.300000000000001,12,11
359,39.673999999999999,117.261000000000000,321.800000000000010,6/15/2009 0:00:00,5,74,11.900000000000000,12,13
360,39.655999999999999,117.354000000000000,314.100000000000020,6/12/2013 0:00:00,3,39,8.800000000000001,12,11
361,39.667999999999999,117.334999999999990,318.199999999999990,6/15/2009 0:00:00,4,56,12.500000000000000,12,12
362,39.646999999999998,117.593999999999990,314.500000000000000,6/20/2012 0:00:00,3,52,9.300000000000001,12,11
363,39.703000000000003,117.400000000000010,312.600000000000020,6/12/2013 0:00:00,3,54,7.500000000000000,12,11
364,39.603000000000002,117.955000000000000,312.100000000000020,8/25/2010 0:00:00,3,38,7.600000000000000,14,11
365,39.603000000000002,117.955000000000000,312.100000000000020,8/25/2010 0:00:00,3,38,7.600000000000000,14,11
366,39.658999999999999,117.697000000000000,311.899999999999980,9/18/2008 0:00:00,3,52,9.400000000000000,12,11
367,39.661999999999999,117.684000000000000,313.399999999999980,9/18/2008 0:00:00,3,58,11.300000000000001,12,11
368,39.606000000000002,117.959999999999990,315.800000000000010,6/17/2013 0:00:00,5,49,7.700000000000000,13,13
369,39.607999999999997,117.953000000000000,305.699999999999990,6/20/2012 0:00:00,14,36,10.699999999999999,13,22
370,39.606999999999999,117.965000000000000,315.399999999999980,7/21/2013 0:00:00,3,62,11.699999999999999,12,11
371,39.606999999999999,117.965000000000000,315.399999999999980,7/21/2013 0:00:00,3,62,11.699999999999999,12,11
372,39.676000000000002,117.666000000000000,318.800000000000010,6/14/2014 0:00:00,6,70,28.800000000000001,12,14
373,39.734000000000002,117.420000000000000,318.199999999999990,5/15/2011 0:00:00,3,68,9.500000000000000,13,11
374,39.734999999999999,117.417000000000000,317.899999999999980,6/20/2010 0:00:00,3,69,9.800000000000001,13,11
375,39.707000000000001,117.583000000000000,316.000000000000000,6/29/2010 0:00:00,3,65,8.600000000000000,12,11
376,39.649999999999999,117.879000000000000,316.000000000000000,6/12/2013 0:00:00,3,65,9.800000000000001,12,11
377,39.713999999999999,117.601000000000000,310.399999999999980,10/10/2014 0:00:00,5,38,8.199999999999999,12,13
378,39.718000000000004,117.611999999999990,315.000000000000000,6/27/2012 0:00:00,3,63,6.000000000000000,12,11
379,39.741999999999997,117.548000000000000,311.899999999999980,6/12/2013 0:00:00,3,52,9.600000000000000,12,11
380,39.787999999999997,117.384000000000000,324.000000000000000,6/21/2008 0:00:00,5,77,18.600000000000001,12,13
381,39.790999999999997,117.398000000000000,320.100000000000020,6/21/2008 0:00:00,5,72,11.699999999999999,12,13
382,39.770000000000003,117.510000000000010,325.800000000000010,6/14/2014 0:00:00,6,79,57.299999999999997,12,14
383,39.808999999999997,117.440000000000000,320.600000000000020,6/17/2007 0:00:00,5,58,16.800000000000001,12,13
384,39.747999999999998,117.837999999999990,323.100000000000020,8/10/2012 0:00:00,5,76,14.500000000000000,12,13
385,39.783000000000001,117.921000000000010,322.100000000000020,6/29/2010 0:00:00,3,75,13.400000000000000,14,11
386,39.863999999999997,117.602999999999990,314.300000000000010,6/12/2013 0:00:00,3,21,9.600000000000000,12,11
387,39.860999999999997,117.627000000000000,319.199999999999990,6/17/2013 0:00:00,5,71,11.600000000000000,13,13
388,39.859999999999999,117.632000000000010,313.899999999999980,6/16/2010 0:00:00,5,58,8.800000000000001,12,13
389,39.863999999999997,117.629000000000000,317.199999999999990,8/5/2012 0:00:00,3,67,11.900000000000000,12,11
390,39.865000000000002,117.635000000000010,318.100000000000020,7/21/2013 0:00:00,3,69,12.900000000000000,12,11
391,39.795000000000002,117.983000000000000,317.500000000000000,6/20/2010 0:00:00,3,68,10.000000000000000,12,11
392,39.795000000000002,117.983000000000000,317.500000000000000,6/20/2010 0:00:00,3,68,10.000000000000000,12,11
393,39.869000000000000,117.631000000000000,317.699999999999990,6/12/2013 0:00:00,3,67,14.100000000000000,12,11
394,39.875000000000000,117.712000000000000,312.800000000000010,6/12/2013 0:00:00,3,43,9.199999999999999,13,11
395,39.881000000000000,117.706999999999990,318.800000000000010,6/12/2013 0:00:00,3,9,12.199999999999999,12,11
396,39.892000000000003,117.690000000000000,313.100000000000020,6/2/2010 0:00:00,5,38,8.600000000000000,12,13
397,39.899000000000001,117.658000000000000,315.399999999999980,6/12/2013 0:00:00,3,64,12.300000000000001,13,11