FID,latitude,longitude,brightness,acq_date,acq_time,confidence,frp,RASTERVALU,local_time
22,39.482999999999997,115.974000000000000,310.500000000000000,10/15/2010 0:00:00,5,40,11.1,13,13
31,39.484000000000002,116.050000000000000,331.500000000000000,6/20/2014 0:00:00,5,84,29.7,13,13
32,39.484000000000002,116.050000000000000,331.500000000000000,6/20/2014 0:00:00,5,84,29.7,13,13
35,39.485999999999997,116.053000000000000,319.100000000000020,6/12/2013 0:00:00,3,38,11.4,13,11
45,39.500000000000000,116.307000000000000,326.199999999999990,6/20/2014 0:00:00,5,79,23.1,13,13
47,39.500999999999998,116.308000000000010,321.699999999999990,6/12/2013 0:00:00,3,74,15,13,11
54,39.572000000000003,116.611999999999990,310.600000000000020,10/27/2011 0:00:00,5,41,15.8,13,13
64,39.558999999999997,116.810000000000000,320.699999999999990,6/15/2009 0:00:00,5,40,7,13,13
65,39.673999999999999,116.328999999999990,335.600000000000020,6/12/2013 0:00:00,3,84,29.4,13,11
91,39.692999999999998,116.560000000000000,315.899999999999980,8/18/2014 0:00:00,3,40,8.1,13,11
92,39.695999999999998,116.563999999999990,316.899999999999980,6/19/2008 0:00:00,5,60,8.9,13,13
105,39.725999999999999,116.555000000000010,322.000000000000000,7/22/2010 0:00:00,3,58,10.5,13,11
106,39.725999999999999,116.555000000000010,322.000000000000000,7/22/2010 0:00:00,3,58,10.5,13,11
109,39.741000000000000,116.498000000000000,321.199999999999990,6/26/2013 0:00:00,5,72,13,13,13
111,39.741000000000000,116.498000000000000,321.199999999999990,6/26/2013 0:00:00,5,72,13,13,13
128,39.776000000000003,116.348000000000000,311.500000000000000,4/3/2009 0:00:00,5,49,7.1,13,13
149,39.813000000000002,116.307000000000000,320.399999999999980,4/16/2008 0:00:00,5,72,11.2,13,13
152,39.799999999999997,116.382000000000010,323.699999999999990,5/29/2006 0:00:00,5,75,10.9,13,13
154,39.814999999999998,116.319000000000000,317.199999999999990,4/16/2008 0:00:00,5,67,6.8,13,13
155,39.817999999999998,116.311000000000010,324.399999999999980,8/20/2007 0:00:00,5,77,14,13,13
156,39.819000000000003,116.312000000000000,311.699999999999990,4/30/2007 0:00:00,5,50,6.4,13,13
157,39.819000000000003,116.312000000000000,311.699999999999990,4/30/2007 0:00:00,5,50,6.4,13,13
158,39.819000000000003,116.312000000000000,311.699999999999990,4/30/2007 0:00:00,5,50,6.4,13,13
159,39.822000000000003,116.319000000000000,319.699999999999990,4/1/2014 0:00:00,5,72,11.4,13,13
160,39.844000000000001,116.200999999999990,321.199999999999990,5/19/2010 0:00:00,3,67,10.8,13,11
161,39.822000000000003,116.319000000000000,319.699999999999990,4/1/2014 0:00:00,5,72,11.4,13,13
164,39.822000000000003,116.407000000000000,321.000000000000000,8/22/2007 0:00:00,3,71,9.8,13,11
171,39.871000000000002,116.218000000000000,312.100000000000020,9/17/2005 0:00:00,3,53,7.4,13,11
172,39.832000000000001,116.440000000000000,327.100000000000020,6/14/2006 0:00:00,5,61,10.6,13,13
182,39.895000000000003,116.153000000000010,310.300000000000010,3/28/2006 0:00:00,5,35,14.1,13,13
183,39.895000000000003,116.155000000000000,330.500000000000000,4/20/2007 0:00:00,3,83,32.1,13,11
184,39.895000000000003,116.153000000000010,310.300000000000010,3/28/2006 0:00:00,5,35,14.1,13,13
185,39.895000000000003,116.155000000000000,330.500000000000000,4/20/2007 0:00:00,3,83,32.1,13,11
187,39.895000000000003,116.153000000000010,310.300000000000010,3/28/2006 0:00:00,5,35,14.1,13,13
188,39.895000000000003,116.153000000000010,310.300000000000010,3/28/2006 0:00:00,5,35,14.1,13,13
189,39.895000000000003,116.155000000000000,330.500000000000000,4/20/2007 0:00:00,3,83,32.1,13,11
190,39.895000000000003,116.155000000000000,330.500000000000000,4/20/2007 0:00:00,3,83,32.1,13,11
191,39.895000000000003,116.155000000000000,330.500000000000000,4/20/2007 0:00:00,3,83,32.1,13,11
192,39.896999999999998,116.156000000000010,318.399999999999980,5/18/2005 0:00:00,3,70,22.8,13,11
193,39.896999999999998,116.156000000000010,318.399999999999980,5/18/2005 0:00:00,3,70,22.8,13,11
194,39.896999999999998,116.156000000000010,318.399999999999980,5/18/2005 0:00:00,3,70,22.8,13,11
195,39.899000000000001,116.143000000000000,314.399999999999980,4/13/2007 0:00:00,3,61,14.3,13,11
198,39.896999999999998,116.156000000000010,318.399999999999980,5/18/2005 0:00:00,3,70,22.8,13,11
199,39.896999999999998,116.156000000000010,318.399999999999980,5/18/2005 0:00:00,3,70,22.8,13,11
200,39.896999999999998,116.156000000000010,318.399999999999980,5/18/2005 0:00:00,3,70,22.8,13,11
201,39.896999999999998,116.156000000000010,318.399999999999980,5/18/2005 0:00:00,3,70,22.8,13,11
203,39.896999999999998,116.160000000000000,313.399999999999980,4/13/2007 0:00:00,3,58,12.6,13,11
204,39.896999999999998,116.161000000000000,310.899999999999980,5/15/2007 0:00:00,18,73,16.8,13,2
205,39.896999999999998,116.161000000000000,310.899999999999980,5/15/2007 0:00:00,18,73,16.8,13,2
208,39.899999999999999,116.153000000000010,313.699999999999990,4/7/2004 0:00:00,3,59,8.2,13,11
209,39.899999999999999,116.153000000000010,313.699999999999990,4/7/2004 0:00:00,3,59,8.2,13,11
210,39.899999999999999,116.153000000000010,313.699999999999990,4/7/2004 0:00:00,3,59,8.2,13,11
211,39.826999999999998,116.527000000000000,326.800000000000010,6/3/2013 0:00:00,5,27,12.7,13,13
212,39.826999999999998,116.527000000000000,326.800000000000010,6/3/2013 0:00:00,5,27,12.7,13,13
213,39.826999999999998,116.527000000000000,326.800000000000010,6/3/2013 0:00:00,5,27,12.7,13,13
214,39.902000000000001,116.147000000000010,311.699999999999990,6/1/2005 0:00:00,3,44,13.5,13,11
215,39.902000000000001,116.147000000000010,311.699999999999990,6/1/2005 0:00:00,3,44,13.5,13,11
217,39.899999999999999,116.161000000000000,305.500000000000000,3/2/2005 0:00:00,19,31,30.8,13,3
218,39.899999999999999,116.161000000000000,323.300000000000010,6/1/2005 0:00:00,3,76,31.4,13,11
219,39.899999999999999,116.161000000000000,305.500000000000000,3/2/2005 0:00:00,19,31,30.8,13,3
220,39.899999999999999,116.161000000000000,323.300000000000010,6/1/2005 0:00:00,3,76,31.4,13,11
221,39.899999999999999,116.161000000000000,305.500000000000000,3/2/2005 0:00:00,19,31,30.8,13,3
222,39.899999999999999,116.161000000000000,323.300000000000010,6/1/2005 0:00:00,3,76,31.4,13,11
223,39.899999999999999,116.161000000000000,305.500000000000000,3/2/2005 0:00:00,19,31,30.8,13,3
224,39.899999999999999,116.161000000000000,323.300000000000010,6/1/2005 0:00:00,3,76,31.4,13,11
225,39.899999999999999,116.161000000000000,305.500000000000000,3/2/2005 0:00:00,19,31,30.8,13,3
226,39.899999999999999,116.161000000000000,323.300000000000010,6/1/2005 0:00:00,3,76,31.4,13,11
227,39.899999999999999,116.161000000000000,305.500000000000000,3/2/2005 0:00:00,19,31,30.8,13,3
228,39.899999999999999,116.161000000000000,323.300000000000010,6/1/2005 0:00:00,3,76,31.4,13,11
229,39.899999999999999,116.161000000000000,305.500000000000000,3/2/2005 0:00:00,19,31,30.8,13,3
230,39.899999999999999,116.161000000000000,323.300000000000010,6/1/2005 0:00:00,3,76,31.4,13,11
231,39.902999999999999,116.151000000000000,320.399999999999980,4/13/2007 0:00:00,3,73,24.9,13,11
232,39.902999999999999,116.151000000000000,320.399999999999980,4/13/2007 0:00:00,3,73,24.9,13,11
233,39.831000000000003,116.529000000000000,324.100000000000020,7/16/2011 0:00:00,5,61,16.6,13,13
234,39.831000000000003,116.529000000000000,324.100000000000020,7/16/2011 0:00:00,5,61,16.6,13,13
235,39.831000000000003,116.530000000000000,333.399999999999980,6/22/2009 0:00:00,5,39,14.5,13,13
236,39.831000000000003,116.535000000000000,326.199999999999990,5/19/2014 0:00:00,5,68,12.6,13,13
237,39.831000000000003,116.530000000000000,333.399999999999980,6/22/2009 0:00:00,5,39,14.5,13,13
238,39.831000000000003,116.535000000000000,326.199999999999990,5/19/2014 0:00:00,5,68,12.6,13,13
239,39.831000000000003,116.530000000000000,333.399999999999980,6/22/2009 0:00:00,5,39,14.5,13,13
240,39.831000000000003,116.535000000000000,326.199999999999990,5/19/2014 0:00:00,5,68,12.6,13,13
241,39.831000000000003,116.535000000000000,326.199999999999990,5/19/2014 0:00:00,5,68,12.6,13,13
242,39.831000000000003,116.535000000000000,326.199999999999990,5/19/2014 0:00:00,5,68,12.6,13,13
243,39.831000000000003,116.535000000000000,326.199999999999990,5/19/2014 0:00:00,5,68,12.6,13,13
244,39.832000000000001,116.534000000000010,323.199999999999990,5/15/2006 0:00:00,3,70,10.7,13,11
245,39.832000000000001,116.534000000000010,323.199999999999990,5/15/2006 0:00:00,3,70,10.7,13,11
246,39.832000000000001,116.534000000000010,323.199999999999990,5/15/2006 0:00:00,3,70,10.7,13,11
247,39.906999999999996,116.153000000000010,310.800000000000010,3/26/2007 0:00:00,3,43,7.9,13,11
248,39.906999999999996,116.151000000000000,310.800000000000010,4/2/2008 0:00:00,3,43,9.2,13,11
249,39.906999999999996,116.158000000000000,313.399999999999980,6/21/2009 0:00:00,18,82,18.9,13,2
250,39.832999999999998,116.535000000000000,321.300000000000010,5/26/2005 0:00:00,5,58,9.7,13,13
251,39.832999999999998,116.535000000000000,321.300000000000010,5/26/2005 0:00:00,5,58,9.7,13,13
252,39.906999999999996,116.151000000000000,310.800000000000010,4/2/2008 0:00:00,3,43,9.2,13,11
253,39.906999999999996,116.151000000000000,310.800000000000010,4/2/2008 0:00:00,3,43,9.2,13,11
254,39.906999999999996,116.151000000000000,310.800000000000010,4/2/2008 0:00:00,3,43,9.2,13,11
255,39.906999999999996,116.153000000000010,310.800000000000010,3/26/2007 0:00:00,3,43,7.9,13,11
256,39.832999999999998,116.535000000000000,321.300000000000010,5/26/2005 0:00:00,5,58,9.7,13,13
257,39.834000000000003,116.535000000000000,316.899999999999980,6/12/2007 0:00:00,3,60,7.4,13,11
258,39.906999999999996,116.158000000000000,313.399999999999980,6/21/2009 0:00:00,18,82,18.9,13,2
259,39.834000000000003,116.535000000000000,316.899999999999980,6/12/2007 0:00:00,3,60,7.4,13,11
260,39.834000000000003,116.535000000000000,316.899999999999980,6/12/2007 0:00:00,3,60,7.4,13,11
261,39.835999999999999,116.539000000000000,326.300000000000010,7/16/2006 0:00:00,5,45,13.9,13,13
266,39.838999999999999,116.542000000000000,324.500000000000000,7/22/2010 0:00:00,3,41,10.4,13,11
267,39.838999999999999,116.542000000000000,324.500000000000000,7/22/2010 0:00:00,3,41,10.4,13,11
275,39.749000000000002,117.015000000000000,317.899999999999980,4/16/2004 0:00:00,3,68,10.2,13,11
276,39.749000000000002,117.015000000000000,317.899999999999980,4/16/2004 0:00:00,3,68,10.2,13,11
277,39.750000000000000,117.018000000000000,327.899999999999980,6/22/2005 0:00:00,3,81,12.4,13,11
278,39.750000000000000,117.018000000000000,327.899999999999980,6/22/2005 0:00:00,3,81,12.4,13,11
279,39.750000000000000,117.018000000000000,327.899999999999980,6/22/2005 0:00:00,3,81,12.4,13,11
280,39.752000000000002,117.013000000000010,317.899999999999980,8/19/2006 0:00:00,3,26,13.6,13,11
283,39.829999999999998,116.667000000000000,312.000000000000000,9/24/2005 0:00:00,5,50,9,13,13
284,39.762999999999998,117.031000000000010,324.500000000000000,6/22/2005 0:00:00,5,52,12.2,13,13
295,39.936000000000000,116.229000000000000,311.199999999999990,4/7/2004 0:00:00,3,45,7.1,13,11
298,39.856000000000002,116.656000000000010,322.399999999999980,6/22/2005 0:00:00,3,65,8.6,13,11
308,39.880000000000003,116.584000000000000,329.000000000000000,6/15/2014 0:00:00,3,51,14.9,13,11
310,39.774999999999999,117.117999999999990,313.899999999999980,6/15/2014 0:00:00,5,53,12.3,13,13
314,39.865000000000002,116.724000000000000,327.100000000000020,6/15/2014 0:00:00,3,56,16.1,13,11
316,39.878000000000000,116.718999999999990,307.199999999999990,8/29/2010 0:00:00,14,52,25.9,13,22
336,40.039000000000001,116.291000000000000,318.300000000000010,5/29/2008 0:00:00,3,61,8.4,13,11
351,40.069000000000003,116.375000000000000,321.399999999999980,3/4/2008 0:00:00,6,74,26.3,13,14
402,40.109999999999999,116.379000000000000,314.000000000000000,5/16/2009 0:00:00,3,60,7.5,13,11
403,40.110999999999997,116.377000000000000,330.899999999999980,7/6/2010 0:00:00,3,59,13,13,11
404,40.110999999999997,116.377000000000000,330.899999999999980,7/6/2010 0:00:00,3,59,13,13,11
405,40.109999999999999,116.390000000000000,317.199999999999990,6/22/2014 0:00:00,3,26,9.7,13,11
406,40.112000000000002,116.383000000000000,315.000000000000000,4/27/2008 0:00:00,3,55,7.9,13,11
407,40.112000000000002,116.383000000000000,321.699999999999990,7/11/2012 0:00:00,3,39,11.6,13,11
408,40.112000000000002,116.383000000000000,315.000000000000000,4/27/2008 0:00:00,3,55,7.9,13,11
409,40.112000000000002,116.383000000000000,321.699999999999990,7/11/2012 0:00:00,3,39,11.6,13,11
411,40.112000000000002,116.390000000000000,316.300000000000010,5/13/2008 0:00:00,3,61,9.5,13,11
413,40.113999999999997,116.384000000000000,322.300000000000010,6/4/2010 0:00:00,3,75,12.3,13,11
414,40.115000000000002,116.383000000000000,322.100000000000020,6/9/2012 0:00:00,3,60,7.7,13,11
415,40.116000000000000,116.384000000000000,316.399999999999980,4/30/2009 0:00:00,3,48,7.7,13,11
417,40.116000000000000,116.384000000000000,316.399999999999980,4/30/2009 0:00:00,3,48,7.7,13,11
418,40.143999999999998,116.292000000000000,317.300000000000010,6/28/2007 0:00:00,3,68,11.7,13,11
420,40.145000000000003,116.293000000000010,315.100000000000020,4/27/2008 0:00:00,3,45,10.4,13,11
422,40.145000000000003,116.295000000000000,313.600000000000020,5/13/2008 0:00:00,3,41,8,13,11
424,40.146999999999998,116.290000000000010,318.500000000000000,8/15/2007 0:00:00,3,52,10.1,13,11
442,40.158000000000001,116.382000000000010,313.699999999999990,9/5/2013 0:00:00,5,46,7.9,13,13
449,40.174999999999997,116.468999999999990,318.899999999999980,6/4/2010 0:00:00,3,70,9,13,11
453,40.222999999999999,116.275000000000010,322.800000000000010,6/30/2012 0:00:00,5,48,10.9,13,13
467,40.234000000000002,116.361000000000000,319.800000000000010,4/28/2014 0:00:00,3,58,11.7,13,11
469,40.399999999999999,115.522000000000010,319.800000000000010,10/3/2009 0:00:00,5,72,16.7,13,13
487,40.560000000000002,115.145000000000000,323.000000000000000,10/15/2005 0:00:00,5,76,21.2,13,13
488,40.561999999999998,115.138000000000010,312.199999999999990,11/6/2013 0:00:00,5,53,17,13,13
493,40.578000000000003,115.102000000000000,311.800000000000010,10/28/2006 0:00:00,6,43,47,13,14
496,40.582999999999998,115.090999999999990,313.800000000000010,9/21/2009 0:00:00,3,40,10.5,13,11
497,40.584000000000003,115.084999999999990,317.699999999999990,8/5/2010 0:00:00,5,33,17.2,13,13
498,40.582999999999998,115.090999999999990,313.800000000000010,9/21/2009 0:00:00,3,40,10.5,13,11
499,40.584000000000003,115.089000000000000,311.000000000000000,9/22/2010 0:00:00,5,45,18.1,13,13
500,40.585999999999999,115.081999999999990,310.699999999999990,4/10/2010 0:00:00,3,38,6.8,13,11
501,40.585000000000001,115.087999999999990,320.699999999999990,5/6/2010 0:00:00,5,73,12.6,13,13
502,40.585000000000001,115.087999999999990,320.699999999999990,5/6/2010 0:00:00,5,73,12.6,13,13
503,40.585000000000001,115.087999999999990,320.699999999999990,5/6/2010 0:00:00,5,73,12.6,13,13
504,40.585000000000001,115.093999999999990,313.100000000000020,4/10/2010 0:00:00,3,56,8.7,13,11
505,40.585000000000001,115.093999999999990,313.100000000000020,4/10/2010 0:00:00,3,56,8.7,13,11
506,40.585999999999999,115.090999999999990,311.199999999999990,3/28/2011 0:00:00,3,47,8.5,13,11
507,40.585999999999999,115.090999999999990,311.199999999999990,3/28/2011 0:00:00,3,47,8.5,13,11
508,40.585999999999999,115.090999999999990,311.199999999999990,3/28/2011 0:00:00,3,47,8.5,13,11
509,40.585999999999999,115.090999999999990,311.199999999999990,3/28/2011 0:00:00,3,47,8.5,13,11
510,40.585999999999999,115.090999999999990,311.199999999999990,3/28/2011 0:00:00,3,47,8.5,13,11
511,40.587000000000003,115.090000000000000,315.399999999999980,9/10/2010 0:00:00,3,64,13,13,11
512,40.587000000000003,115.090000000000000,315.399999999999980,9/10/2010 0:00:00,3,64,13,13,11
513,40.587000000000003,115.090000000000000,315.399999999999980,9/10/2010 0:00:00,3,64,13,13,11
514,40.587000000000003,115.090000000000000,315.399999999999980,9/10/2010 0:00:00,3,64,13,13,11
516,40.590000000000003,115.092000000000000,314.100000000000020,9/4/2012 0:00:00,3,43,9.3,13,11
518,40.585999999999999,115.174000000000010,312.300000000000010,10/15/2014 0:00:00,6,53,14.7,13,14
544,40.372000000000000,116.837999999999990,314.899999999999980,10/2/2007 0:00:00,3,62,12,13,11
6,38.777999999999999,115.912000000000010,314.600000000000020,8/9/2014 0:00:00,3,47,9.900000000000000,13,11
9,38.857999999999997,115.608000000000000,326.100000000000020,6/18/2006 0:00:00,3,79,11.300000000000001,13,11
11,38.811000000000000,115.947000000000000,316.199999999999990,8/9/2014 0:00:00,3,42,11.400000000000000,13,11
12,38.811000000000000,115.947000000000000,316.199999999999990,8/9/2014 0:00:00,3,42,11.400000000000000,13,11
15,39.000999999999998,115.352000000000000,326.899999999999980,6/19/2011 0:00:00,5,78,10.800000000000001,13,13
21,39.017000000000003,115.348000000000000,314.199999999999990,9/2/2011 0:00:00,3,57,12.199999999999999,13,11
36,39.216999999999999,115.549000000000010,319.000000000000000,6/21/2005 0:00:00,3,44,36.200000000000003,13,11
4,38.731999999999999,116.134000000000000,318.399999999999980,10/18/2013 0:00:00,3,69,20.300000000000001,13,11
5,38.729999999999997,116.145000000000000,321.800000000000010,10/18/2013 0:00:00,3,74,24.800000000000001,13,11
6,38.734000000000002,116.129000000000000,318.899999999999980,5/27/2011 0:00:00,5,28,11.000000000000000,13,13
7,38.737000000000002,116.133000000000000,315.699999999999990,6/30/2008 0:00:00,3,44,6.800000000000000,13,11
25,38.911000000000001,116.482000000000000,314.399999999999980,3/23/2009 0:00:00,6,61,10.400000000000000,13,14
28,39.005000000000003,116.089000000000000,323.199999999999990,5/27/2011 0:00:00,5,68,14.800000000000001,13,13
66,39.122000000000000,116.021000000000000,311.500000000000000,4/3/2009 0:00:00,5,49,6.100000000000000,13,13
67,39.122000000000000,116.021000000000000,322.699999999999990,9/13/2010 0:00:00,5,58,15.100000000000000,13,13
68,39.122000000000000,116.021000000000000,311.500000000000000,4/3/2009 0:00:00,5,49,6.100000000000000,13,13
69,39.122000000000000,116.021000000000000,322.699999999999990,9/13/2010 0:00:00,5,58,15.100000000000000,13,13
77,38.957999999999998,116.937000000000000,322.100000000000020,6/30/2006 0:00:00,5,75,15.400000000000000,13,13
78,38.957999999999998,116.940000000000000,323.300000000000010,7/22/2010 0:00:00,3,32,14.500000000000000,13,11
107,39.148000000000003,116.650000000000010,316.300000000000010,7/26/2005 0:00:00,3,62,10.400000000000000,13,11
114,39.079999999999998,117.018000000000000,312.800000000000010,3/28/2012 0:00:00,3,56,13.400000000000000,13,11
143,39.143999999999998,117.054000000000000,321.699999999999990,7/22/2010 0:00:00,3,66,11.900000000000000,13,11
144,39.142000000000003,117.066000000000000,324.600000000000020,7/22/2010 0:00:00,3,78,16.000000000000000,13,11
145,39.142000000000003,117.066000000000000,314.399999999999980,6/25/2012 0:00:00,3,53,8.300000000000001,13,11
146,39.142000000000003,117.066000000000000,324.600000000000020,7/22/2010 0:00:00,3,78,16.000000000000000,13,11
147,39.142000000000003,117.066000000000000,314.399999999999980,6/25/2012 0:00:00,3,53,8.300000000000001,13,11
166,39.164000000000001,117.111000000000000,317.699999999999990,6/25/2012 0:00:00,3,68,10.600000000000000,13,11
169,39.137000000000000,117.299000000000010,310.199999999999990,5/4/2011 0:00:00,5,31,7.100000000000000,13,13
170,39.198999999999998,117.036000000000000,312.800000000000010,2/11/2009 0:00:00,3,56,16.000000000000000,13,11
173,39.140999999999998,117.303000000000000,319.899999999999980,5/15/2011 0:00:00,3,62,8.600000000000000,13,11
174,39.143000000000001,117.297000000000000,318.500000000000000,5/12/2010 0:00:00,3,57,8.900000000000000,13,11
175,39.198999999999998,117.036000000000000,312.800000000000010,2/11/2009 0:00:00,3,56,16.000000000000000,13,11
177,39.195000000000000,117.093999999999990,314.699999999999990,6/25/2012 0:00:00,3,55,8.100000000000000,13,11
181,39.204000000000001,117.176000000000000,322.600000000000020,6/23/2008 0:00:00,3,75,10.199999999999999,13,11
182,39.189999999999998,117.245000000000000,324.000000000000000,7/18/2012 0:00:00,3,52,14.699999999999999,13,11
183,39.189999999999998,117.246000000000000,323.000000000000000,6/12/2013 0:00:00,3,39,13.000000000000000,13,11
185,39.194000000000003,117.242000000000000,315.000000000000000,4/27/2011 0:00:00,5,57,10.000000000000000,13,13
195,39.229999999999997,117.212000000000000,321.899999999999980,6/25/2012 0:00:00,3,49,14.500000000000000,13,11
226,39.274000000000001,117.483999999999990,316.800000000000010,8/13/2013 0:00:00,5,67,11.500000000000000,13,13
243,39.389000000000003,117.044000000000000,314.100000000000020,6/25/2012 0:00:00,3,42,8.300000000000001,13,11
325,39.530000000000001,117.188999999999990,323.600000000000020,6/15/2009 0:00:00,5,76,12.699999999999999,13,13
368,39.606000000000002,117.959999999999990,315.800000000000010,6/17/2013 0:00:00,5,49,7.700000000000000,13,13
369,39.607999999999997,117.953000000000000,305.699999999999990,6/20/2012 0:00:00,14,36,10.699999999999999,13,22
373,39.734000000000002,117.420000000000000,318.199999999999990,5/15/2011 0:00:00,3,68,9.500000000000000,13,11
374,39.734999999999999,117.417000000000000,317.899999999999980,6/20/2010 0:00:00,3,69,9.800000000000001,13,11
387,39.860999999999997,117.627000000000000,319.199999999999990,6/17/2013 0:00:00,5,71,11.600000000000000,13,13
394,39.875000000000000,117.712000000000000,312.800000000000010,6/12/2013 0:00:00,3,43,9.199999999999999,13,11
397,39.899000000000001,117.658000000000000,315.399999999999980,6/12/2013 0:00:00,3,64,12.300000000000001,13,11