latitude,longitude,brightness,acq_date,confidence,frp
38.763,115.89,328.5,2013-06-28 03:00:00,81,18.2
38.772,115.863,316.4,2012-04-06 03:00:00,66,7.8
38.792,115.768,312.4,2014-03-14 05:00:00,51,5.6
38.801,115.738,316.2,2012-04-06 03:00:00,65,6.6
38.801,115.739,310.4,2009-04-16 03:00:00,38,5.7
38.772,115.892,320.7,2013-06-28 03:00:00,57,8.2
38.77,115.908,312.9,2013-12-29 06:00:00,56,34
38.805,115.728,314.4,2005-03-29 03:00:00,46,8.7
38.782,115.864,319,2004-06-21 03:00:00,71,10.6
38.813,115.723,311.5,2009-10-14 05:00:00,49,16.2
38.778,115.912,314.6,2014-08-09 03:00:00,47,9.9
38.786,115.893,310.2,2009-10-23 05:00:00,32,23.6
38.789,115.883,314.4,2006-10-02 05:00:00,61,8.7
38.789,115.889,313.8,2004-10-11 03:00:00,59,14.2
38.773,115.981,314.1,2012-04-04 03:00:00,60,9.7
38.818,115.808,312.9,2005-04-01 05:00:00,56,11.6
38.8,115.906,314.8,2007-06-26 03:00:00,40,11.7
38.805,115.883,310.5,2011-02-02 05:00:00,39,16.9
38.858,115.608,326.1,2006-06-18 03:00:00,79,11.3
38.857,115.619,330.5,2006-06-18 03:00:00,83,17.2
38.808,115.878,312.7,2012-02-02 03:00:00,55,22.8
38.821,115.817,314.1,2012-03-30 03:00:00,60,9.5
38.852,115.659,323.5,2007-06-15 04:00:00,76,37.6
38.861,115.615,333.7,2007-06-15 05:00:00,86,20.2
38.825,115.811,311.9,2013-03-25 06:00:00,46,10.1
38.824,115.819,312.7,2012-03-28 03:00:00,55,8.7
38.865,115.606,323.5,2007-06-14 03:00:00,76,11.2
38.862,115.626,355.7,2007-06-15 05:00:00,98,64.3
38.811,115.9,314.5,2007-06-26 03:00:00,44,12.7
38.811,115.947,316.2,2014-08-09 03:00:00,42,11.4
38.858,115.662,330,2007-06-15 05:00:00,83,14.5
38.829,115.815,312.4,2010-11-03 06:00:00,54,21.4
38.819,115.869,326.2,2008-01-29 05:00:00,79,68.4
38.831,115.832,319.7,2010-11-03 06:00:00,71,35.8
38.822,115.886,335.2,2008-01-29 05:00:00,87,93.2
38.824,115.877,315.3,2006-03-01 05:00:00,63,17.7
38.811,115.947,316.2,2014-08-09 03:00:00,42,11.4
38.835,115.824,327.1,2010-11-03 06:00:00,80,52.7
38.873,115.627,326.9,2006-06-16 03:00:00,72,17.1
38.873,115.635,328.4,2007-06-15 05:00:00,34,10.3
38.832,115.861,311.7,2010-11-05 06:00:00,51,13.9
38.888,115.592,323,2005-06-17 03:00:00,76,14.9
38.826,115.919,319.6,2009-10-17 06:00:00,71,21.7
38.897,115.552,322.6,2014-08-09 03:00:00,53,13.9
38.838,115.869,313.8,2009-04-15 06:00:00,51,12.5
38.9,115.546,317.2,2011-07-16 03:00:00,34,7.6
38.9,115.547,318.5,2012-08-19 03:00:00,67,12
38.898,115.56,314.2,2012-08-19 03:00:00,28,7.6
38.884,115.635,316.3,2007-06-14 14:00:00,90,24.2
38.902,115.544,326.7,2012-07-02 03:00:00,63,11.8
38.833,115.916,310.1,2011-01-25 03:00:00,27,26.5
38.857,115.796,317.1,2007-06-14 14:00:00,93,24.1
38.896,115.595,321.5,2014-06-15 03:00:00,74,13.1
38.851,115.83,320.1,2005-06-17 03:00:00,72,10.9
38.885,115.656,327,2007-06-15 05:00:00,34,10.3
38.852,115.828,314.8,2012-10-09 06:00:00,49,10.7
38.845,115.867,315.9,2007-04-03 06:00:00,62,7.1
38.859,115.797,328.4,2007-06-15 05:00:00,80,11
38.861,115.789,308.4,2007-06-14 14:00:00,41,13.7
38.898,115.618,325.8,2007-06-15 05:00:00,34,9.3
38.879,115.724,324.1,2007-06-15 04:00:00,69,38.7
38.886,115.692,323.1,2005-06-20 03:00:00,52,11.7
38.896,115.647,321.6,2007-06-15 04:00:00,39,35.3
38.89,115.679,328.5,2012-06-16 05:00:00,81,20.1
38.923,115.526,316.4,2011-07-16 03:00:00,46,7.8
38.878,115.765,317.8,2004-06-21 03:00:00,68,9.3
38.888,115.713,320.3,2006-06-17 02:00:00,72,44
38.907,115.616,338.4,2007-06-15 05:00:00,89,29.2
38.848,115.924,338.1,2004-06-22 05:00:00,87,36.3
38.891,115.702,335.8,2007-06-15 05:00:00,84,23.6
38.875,115.786,315.2,2012-10-09 06:00:00,63,13.8
38.872,115.805,315.9,2014-06-15 03:00:00,65,9.1
38.856,115.891,311.4,2009-10-05 03:00:00,49,13.1
38.887,115.733,319.7,2004-06-22 04:00:00,71,34.3
38.887,115.734,324.9,2007-06-15 04:00:00,29,39.2
38.908,115.627,334.1,2007-06-15 05:00:00,82,22.2
38.852,115.922,323.9,2007-06-16 03:00:00,31,28.3
38.941,115.46,323.1,2007-06-15 05:00:00,76,9.5
38.893,115.713,334.2,2007-06-15 05:00:00,77,20
38.885,115.757,322.1,2008-11-10 05:00:00,75,31.8
38.893,115.719,320.5,2004-06-21 03:00:00,73,11.7
38.937,115.491,324.7,2007-06-11 06:00:00,78,27.4
38.878,115.804,324.5,2004-06-22 05:00:00,67,11.5
38.878,115.8,323.6,2005-06-19 03:00:00,65,28
38.901,115.683,325.9,2005-06-18 05:00:00,79,12.2
38.854,115.927,337.4,2005-06-20 03:00:00,88,53.1
38.878,115.804,324.5,2004-06-22 05:00:00,67,11.5
38.908,115.649,324.5,2006-06-18 03:00:00,78,9
38.89,115.75,316.8,2014-06-15 03:00:00,57,8.5
38.892,115.74,307,2007-06-14 14:00:00,51,12.9
38.859,115.92,312.9,2008-10-27 03:00:00,56,18.9
38.868,115.875,320.2,2012-10-09 06:00:00,72,18.7
38.934,115.534,324.2,2006-06-16 03:00:00,77,9.6
38.939,115.511,325.3,2007-06-11 06:00:00,78,29.3
38.869,115.887,319.3,2012-10-09 06:00:00,71,17.9
38.863,115.927,312.8,2008-10-27 03:00:00,56,15.5
38.866,115.914,311.9,2008-10-27 03:00:00,52,14.1
38.865,115.92,318.9,2007-06-21 05:00:00,44,38.9
38.894,115.779,313.2,2010-11-11 03:00:00,57,18.5
38.869,115.923,325.7,2006-06-18 03:00:00,44,10.5
38.874,115.918,326.3,2004-06-22 05:00:00,79,12.5
38.886,115.861,338.9,2004-06-22 05:00:00,89,33
38.874,115.925,327.6,2005-06-20 03:00:00,14,19
38.876,115.922,309.7,2007-06-16 14:00:00,68,23.4
38.914,115.732,326.3,2007-06-15 05:00:00,31,9.3
38.988,115.345,330.3,2014-07-13 05:00:00,36,11.9
38.913,115.748,319.3,2005-06-19 03:00:00,32,18.2
38.979,115.403,323.2,2007-06-15 05:00:00,76,10.1
38.9,115.831,312.7,2012-10-09 06:00:00,55,11
38.901,115.828,315,2012-10-13 03:00:00,57,18.1
38.986,115.39,326,2007-06-15 05:00:00,79,12.7
38.994,115.349,312.1,2009-07-26 03:00:00,35,7.3
38.994,115.349,318,2013-07-28 03:00:00,58,11.9
38.994,115.349,312.1,2009-07-26 03:00:00,35,7.3
38.994,115.349,318,2013-07-28 03:00:00,58,11.9
38.995,115.344,318.6,2011-07-21 05:00:00,58,11.2
38.939,115.641,330.1,2005-06-23 06:00:00,83,14.1
38.996,115.345,327,2010-07-02 05:00:00,80,14.7
38.996,115.346,319.5,2010-07-18 05:00:00,57,9
38.898,115.866,337,2005-06-20 05:00:00,88,35.8
38.997,115.349,322.2,2013-06-24 05:00:00,56,15.3
38.913,115.791,327.8,2007-06-15 05:00:00,81,12
38.997,115.355,316.4,2009-08-11 03:00:00,60,9.3
38.997,115.35,317.5,2012-08-19 03:00:00,54,11.5
38.997,115.351,318,2012-08-24 05:00:00,50,10.7
38.997,115.351,318,2012-08-24 05:00:00,50,10.7
38.988,115.401,324.6,2007-06-15 05:00:00,78,10.9
38.998,115.349,316.2,2010-04-29 05:00:00,58,7.6
38.94,115.655,337.4,2005-06-23 06:00:00,88,29.4
38.997,115.355,316.4,2009-08-11 03:00:00,60,9.3
38.998,115.356,323.7,2010-07-02 05:00:00,59,9.5
38.998,115.35,315.4,2012-09-04 03:00:00,33,12.2
38.999,115.346,320,2011-05-13 03:00:00,43,8.2
38.999,115.347,318.9,2011-06-30 03:00:00,54,8.7
38.999,115.348,320.4,2012-05-15 03:00:00,53,9.3
38.999,115.35,318,2010-08-14 03:00:00,68,11.6
38.999,115.355,322.8,2011-07-16 03:00:00,76,15.6
38.999,115.355,333.7,2013-07-05 03:00:00,86,29.2
38.999,115.355,319.3,2014-05-05 03:00:00,30,8.6
38.998,115.356,323.7,2010-07-02 05:00:00,59,9.5
38.93,115.716,326.4,2007-06-15 05:00:00,52,11.2
38.999,115.355,322.8,2011-07-16 03:00:00,76,15.6
38.999,115.355,333.7,2013-07-05 03:00:00,86,29.2
38.999,115.355,319.3,2014-05-05 03:00:00,30,8.6
38.999,115.355,322.8,2011-07-16 03:00:00,76,15.6
38.999,115.355,333.7,2013-07-05 03:00:00,86,29.2
38.999,115.355,319.3,2014-05-05 03:00:00,30,8.6
38.999,115.355,322.8,2011-07-16 03:00:00,76,15.6
38.999,115.355,333.7,2013-07-05 03:00:00,86,29.2
38.999,115.355,319.3,2014-05-05 03:00:00,30,8.6
38.9,115.874,334.4,2005-06-20 05:00:00,72,29
39.001,115.348,321.5,2010-06-16 05:00:00,67,8.3
39.001,115.352,326.9,2011-06-19 05:00:00,78,10.8
39.001,115.353,331,2012-07-02 03:00:00,84,24
39.001,115.354,326.5,2014-06-11 05:00:00,30,9.3
38.902,115.874,327.1,2012-10-13 03:00:00,80,38.5
38.903,115.87,317,2012-10-13 05:00:00,67,19.4
38.94,115.68,320.1,2014-08-25 03:00:00,68,15.4
39.004,115.351,312.3,2009-07-26 03:00:00,28,7.6
38.974,115.51,324.8,2006-06-18 03:00:00,78,11.2
39.003,115.357,319.2,2014-08-09 03:00:00,37,10.9
39.008,115.331,312.3,2010-04-13 05:00:00,42,8.7
39.004,115.355,330.5,2012-06-16 03:00:00,80,14
38.903,115.885,327.6,2005-06-22 03:00:00,81,14.1
38.91,115.856,335.9,2004-06-28 03:00:00,87,31.5
39.006,115.353,317,2013-08-06 03:00:00,51,9.9
38.908,115.868,326.3,2004-06-28 03:00:00,79,16.9
38.914,115.84,328.7,2005-06-20 05:00:00,69,15.3
39.01,115.343,313.1,2010-04-13 05:00:00,57,9.4
39.01,115.345,323.3,2013-07-05 03:00:00,52,13.7
39.008,115.357,322,2013-07-05 03:00:00,24,11.5
38.908,115.884,319.6,2011-06-29 03:00:00,71,30.5
39.002,115.396,313.1,2013-10-10 06:00:00,57,14.8
39.012,115.346,319.5,2012-04-13 03:00:00,57,8.3
38.939,115.742,328.8,2007-06-14 03:00:00,82,18.8
38.931,115.788,325.6,2005-06-20 03:00:00,78,14.3
38.931,115.791,323,2004-06-22 05:00:00,76,9.4
38.923,115.835,310.8,2012-10-10 03:00:00,41,8.6
38.921,115.849,312.4,2012-10-10 03:00:00,53,10.9
39.017,115.348,314.2,2011-09-02 03:00:00,57,12.2
39.019,115.342,315.9,2012-09-04 03:00:00,58,13.1
39.006,115.418,326.6,2007-06-14 03:00:00,77,12.8
38.936,115.788,327.8,2005-06-20 05:00:00,81,15.8
39.02,115.361,312.4,2013-08-20 05:00:00,22,9.4
38.924,115.865,312,2009-10-14 05:00:00,52,15.7
39.026,115.332,315.4,2007-04-03 06:00:00,63,6.8
39.018,115.397,312.7,2012-10-09 06:00:00,31,11.8
38.925,115.889,322.4,2007-06-16 03:00:00,75,18.7
39.051,115.246,311.4,2010-04-02 06:00:00,47,7.8
39.029,115.365,310.7,2013-08-20 04:00:00,38,10.9
38.955,115.768,323.6,2004-06-22 05:00:00,64,9
39.058,115.236,319.4,2009-03-07 06:00:00,71,21.3
38.987,115.652,330.7,2007-06-17 05:00:00,83,23.3
39.03,115.465,320,2013-06-26 05:00:00,70,12.4
39.031,115.464,322.6,2013-06-01 05:00:00,49,12.1
39.03,115.47,312.8,2014-09-04 06:00:00,56,7.4
39.032,115.462,320.6,2014-05-19 05:00:00,15,10.1
39.031,115.468,316.7,2013-06-12 03:00:00,66,10.8
39.033,115.458,318.4,2013-07-28 05:00:00,68,14.7
39.033,115.459,312.5,2013-09-05 05:00:00,53,10.2
39.031,115.471,315.9,2014-08-25 05:00:00,65,19.1
39.032,115.467,310.4,2014-09-13 06:00:00,37,7
39.032,115.467,315.3,2014-04-24 05:00:00,50,8.1
39.032,115.467,310.4,2014-09-13 06:00:00,37,7
39.032,115.467,315.3,2014-04-24 05:00:00,50,8.1
39.033,115.464,319.7,2013-07-05 05:00:00,71,15.1
39.032,115.471,320.1,2014-08-21 05:00:00,60,9
39.033,115.466,313.2,2014-08-14 04:00:00,57,20.2
39.033,115.467,322,2014-07-15 03:00:00,65,12.4
39.033,115.469,318.4,2014-05-12 05:00:00,65,17.5
39.033,115.471,311.3,2013-09-14 03:00:00,47,10.5
39.035,115.463,314,2014-09-03 03:00:00,60,9.2
39.033,115.475,313.2,2014-09-03 03:00:00,57,8.3
39.035,115.465,316.3,2013-07-16 03:00:00,64,8
39.035,115.467,315.3,2014-09-10 03:00:00,63,11.8
39.034,115.473,318.7,2014-05-05 03:00:00,26,11.7
38.983,115.742,321.1,2007-06-15 04:00:00,72,38.7
38.988,115.716,323.6,2007-06-15 04:00:00,77,51.2
39.034,115.476,314.7,2014-06-20 04:00:00,62,13.3
39.036,115.466,312.2,2013-09-14 05:00:00,53,10.9
39.036,115.466,317.1,2014-08-19 06:00:00,42,9.1
39.036,115.466,312.2,2013-09-14 05:00:00,53,10.9
39.036,115.466,317.1,2014-08-19 06:00:00,42,9.1
39.035,115.472,312.8,2013-09-05 05:00:00,55,10.5
39.035,115.473,315.3,2013-06-14 03:00:00,63,7.6
39.035,115.474,320.3,2014-08-16 04:00:00,70,16.4
39.036,115.469,318.3,2014-06-15 03:00:00,45,7.1
39.036,115.474,315.6,2013-08-29 03:00:00,64,14.6
39.036,115.47,311.2,2014-04-26 05:00:00,38,13.3
39.035,115.476,315.9,2014-05-12 04:00:00,59,14.5
39.006,115.629,317.9,2013-06-12 03:00:00,53,11.8
39.034,115.482,314,2014-08-07 04:00:00,53,12.8
39.004,115.64,317.3,2013-06-12 03:00:00,63,10.8
39.078,115.249,324.7,2010-02-21 03:00:00,78,29.2
39.076,115.26,323.2,2010-02-21 03:00:00,76,27.2
39.036,115.474,315.6,2013-08-29 03:00:00,64,14.6
38.99,115.718,328.8,2006-06-17 06:00:00,82,15.7
38.988,115.731,349.1,2007-06-15 05:00:00,95,48.6
39.037,115.474,311.2,2014-09-05 03:00:00,47,7.8
39.037,115.474,312.5,2013-08-18 04:00:00,54,23.8
39.037,115.474,311.2,2014-09-05 03:00:00,47,7.8
39.037,115.474,312.5,2013-08-18 04:00:00,54,23.8
39.04,115.462,310.7,2014-09-08 04:00:00,38,10.2
38.991,115.72,311.3,2007-06-14 14:00:00,74,17.9
39.037,115.479,312.4,2014-09-08 04:00:00,51,14
39.037,115.48,317.7,2014-08-25 03:00:00,66,11.2
39.039,115.471,316.4,2013-08-31 03:00:00,61,10.6
38.967,115.848,312.1,2014-10-06 06:00:00,52,11.1
39.009,115.632,328.4,2007-07-10 05:00:00,22,12.8
39.009,115.63,320.8,2009-05-23 03:00:00,69,17
39.081,115.249,312.9,2011-03-23 18:00:00,80,30.9
38.969,115.84,317.6,2008-07-23 03:00:00,68,11.9
39.007,115.642,318.3,2009-05-23 03:00:00,67,13.5
39.009,115.632,328.4,2007-07-10 05:00:00,22,12.8
38.983,115.768,328.3,2005-06-20 05:00:00,47,15.4
39.04,115.47,325.1,2007-06-17 05:00:00,49,13.9
39.04,115.474,313,2014-08-14 04:00:00,46,19
39.039,115.477,315.5,2013-06-12 03:00:00,60,8.3
39.04,115.474,313,2014-08-14 04:00:00,46,19
39.016,115.604,328.9,2005-06-20 05:00:00,69,17.9
39.011,115.634,319.8,2011-06-14 03:00:00,23,12.2
38.992,115.736,331,2005-06-20 03:00:00,84,22.8
38.993,115.731,328.6,2005-06-20 03:00:00,82,18.6
38.971,115.847,316.6,2014-08-07 05:00:00,19,10.1
38.973,115.84,310.1,2014-08-18 03:00:00,17,6.8
39.026,115.571,328.8,2005-06-21 06:00:00,47,21.1
39.085,115.259,311.8,2010-02-21 05:00:00,51,56.9
39.087,115.25,325.1,2010-02-21 03:00:00,76,28.8
39.085,115.262,323.7,2010-02-21 03:00:00,72,27.1
39.013,115.645,320,2004-06-26 03:00:00,72,9.2
38.974,115.849,310.8,2013-04-02 03:00:00,43,7.8
38.998,115.725,327.2,2007-06-15 04:00:00,46,58.7
39.091,115.235,321.8,2013-12-31 06:00:00,74,31.5
39.041,115.512,328.7,2005-06-20 05:00:00,43,18.5
39.05,115.467,328.6,2007-06-17 05:00:00,82,19.7
39.062,115.405,324.4,2005-06-18 05:00:00,77,12
39.033,115.559,316.9,2005-06-19 03:00:00,67,16.2
39.053,115.461,333.1,2005-06-20 05:00:00,85,30.9
39.052,115.48,324.9,2007-06-17 05:00:00,41,11.8
39.112,115.163,313.9,2007-04-01 06:00:00,52,16.3
39.006,115.726,328.1,2005-06-19 03:00:00,77,47.3
38.989,115.815,311.3,2006-11-14 05:00:00,47,22.3
39.037,115.565,335.1,2007-06-17 05:00:00,54,25
39.039,115.559,325.8,2005-06-20 05:00:00,59,13.2
39.087,115.305,310.3,2012-03-14 03:00:00,35,10.5
38.984,115.858,314.9,2011-10-27 05:00:00,62,21.5
39.088,115.318,312.4,2007-04-01 02:00:00,54,65.8
39.023,115.672,331.5,2006-06-17 06:00:00,84,22.2
39.084,115.351,315.4,2013-11-15 04:00:00,63,41.5
39.054,115.516,327.1,2005-06-20 03:00:00,80,19.2
39.011,115.744,328.8,2005-06-20 05:00:00,58,15.4
39.091,115.323,322.1,2005-11-07 05:00:00,75,25.4
39.015,115.725,326.9,2007-06-15 05:00:00,55,12.8
39.016,115.72,317.6,2014-08-25 03:00:00,29,10.7
39.009,115.757,329.5,2005-06-20 03:00:00,82,21.4
39.014,115.733,318.2,2014-08-25 03:00:00,27,12.1
39.036,115.619,334.2,2007-06-17 05:00:00,67,24.2
39.012,115.762,331.4,2006-06-18 03:00:00,63,21.3
39.097,115.315,318,2007-04-01 02:00:00,69,102.5
39.017,115.737,325.9,2007-06-15 05:00:00,61,11.4
39.013,115.759,332.6,2005-06-20 05:00:00,85,24.3
39.043,115.603,333.7,2007-06-17 05:00:00,48,22.8
39.09,115.36,321.8,2013-11-15 04:00:00,60,55.9
39.094,115.344,315.1,2012-11-26 06:00:00,63,24.1
39.095,115.339,344.1,2013-11-15 04:00:00,92,137.2
39.035,115.661,333.6,2006-06-18 03:00:00,86,21.5
39.099,115.324,319.8,2013-11-17 05:00:00,72,39.3
39.066,115.503,325.9,2007-06-17 05:00:00,51,15
39.034,115.672,325.8,2006-06-18 03:00:00,73,9.9
39.045,115.616,344.1,2007-06-17 05:00:00,92,46.5
39.103,115.31,326.5,2005-05-01 05:00:00,80,18.8
39.095,115.354,328.3,2013-11-15 04:00:00,81,77.7
39.018,115.76,318.2,2007-06-15 04:00:00,59,27.8
39.069,115.493,313.2,2007-06-17 04:00:00,30,13.1
39.099,115.334,319.3,2013-11-15 04:00:00,71,50.6
39.024,115.734,321.4,2007-06-15 04:00:00,74,41.8
39.068,115.516,324.5,2007-06-17 05:00:00,44,13.3
39.058,115.572,337,2007-06-17 05:00:00,52,30
39.025,115.75,309.9,2007-06-14 14:00:00,68,16.9
39.129,115.209,312.9,2012-03-07 03:00:00,56,17.2
39.063,115.569,310.3,2007-06-16 14:00:00,67,26.2
39.056,115.613,326.8,2006-06-23 03:00:00,75,17.7
39.067,115.587,305.5,2007-06-16 14:00:00,9,18.8
39.067,115.58,308.8,2007-06-16 14:00:00,42,25.1
39.067,115.587,305.5,2007-06-16 14:00:00,9,18.8
39.066,115.596,331.1,2005-06-23 06:00:00,80,12.4
39.074,115.554,326.4,2007-06-17 05:00:00,49,17.3
39.084,115.505,330.3,2013-03-18 06:00:00,83,36.6
39.118,115.326,310.6,2011-03-06 05:00:00,40,10.5
39.084,115.508,320.1,2013-03-18 04:00:00,72,103.5
39.09,115.478,321.9,2007-06-15 05:00:00,67,10.1
39.046,115.711,311.4,2013-09-05 05:00:00,47,8.7
39.066,115.616,326.6,2006-06-23 03:00:00,74,16.4
39.085,115.517,337.6,2013-03-18 06:00:00,88,49.5
39.048,115.712,315.4,2013-08-31 03:00:00,64,9.8
39.049,115.71,312.6,2014-08-18 03:00:00,40,7.2
39.082,115.555,326.7,2004-06-22 05:00:00,54,11.2
39.084,115.566,326.7,2004-06-22 05:00:00,67,12
39.127,115.348,312.2,2013-11-03 03:00:00,36,12.7
39.133,115.318,313.9,2012-04-05 06:00:00,54,11.9
39.052,115.75,313.2,2013-09-05 05:00:00,57,11.7
39.124,115.371,324.4,2013-11-03 03:00:00,77,26.6
39.131,115.334,314.8,2005-03-29 14:00:00,86,36.7
39.091,115.553,330.2,2004-06-22 05:00:00,68,17.2
39.133,115.331,317.3,2007-04-02 03:00:00,68,14.5
39.132,115.342,334.5,2007-04-02 03:00:00,86,38.6
39.054,115.755,311,2014-09-03 03:00:00,46,8.2
39.054,115.755,316.2,2014-04-01 05:00:00,65,10.6
39.054,115.755,311,2014-09-03 03:00:00,46,8.2
39.054,115.755,316.2,2014-04-01 05:00:00,65,10.6
39.054,115.762,311.9,2013-09-05 05:00:00,51,9.9
39.087,115.594,324.3,2005-06-22 05:00:00,77,25.1
39.084,115.611,324.3,2005-06-22 05:00:00,76,24.9
39.062,115.732,332,2006-06-18 03:00:00,84,20.1
39.095,115.563,306.7,2005-06-20 15:00:00,22,9.8
39.061,115.744,328.3,2006-06-18 03:00:00,81,14.8
39.059,115.761,312.3,2014-08-18 03:00:00,47,8
39.095,115.574,333.6,2005-06-21 06:00:00,86,45.1
39.059,115.763,317,2013-08-31 03:00:00,67,12
39.109,115.515,323.8,2014-06-27 04:00:00,77,22.1
39.062,115.763,310.7,2014-09-03 03:00:00,27,7
39.13,115.415,354.7,2009-02-03 06:00:00,97,94.3
39.132,115.427,365.9,2009-02-03 06:00:00,100,127.4
39.199,115.076,314.5,2014-04-03 05:00:00,57,25
39.135,115.423,311.1,2013-03-25 06:00:00,46,12.4
39.146,115.385,317.9,2009-03-16 06:00:00,69,12.5
39.207,115.06,325.3,2012-03-24 04:00:00,78,86.7
39.121,115.524,324.6,2005-06-21 06:00:00,50,16.9
39.208,115.065,310.3,2012-03-24 04:00:00,36,36.8
39.148,115.396,330.7,2009-03-16 06:00:00,83,29.3
39.134,115.472,324.9,2005-06-22 03:00:00,49,10.9
39.148,115.398,316.9,2012-01-27 06:00:00,67,26.3
39.146,115.412,314.4,2009-01-18 06:00:00,61,21.3
39.146,115.421,318,2011-03-08 05:00:00,69,21.3
39.154,115.387,327.2,2014-03-14 15:00:00,100,119.8
39.16,115.39,328.9,2011-03-08 05:00:00,82,38.1
39.146,115.466,334.1,2006-06-18 03:00:00,86,21.8
39.144,115.478,325.9,2006-06-18 03:00:00,67,10.8
39.22,115.072,313.1,2014-04-03 03:00:00,38,8.7
39.15,115.453,318.9,2014-04-03 03:00:00,70,11.3
39.15,115.457,322.6,2011-05-13 03:00:00,75,14
39.191,115.255,320.2,2006-04-23 06:00:00,72,18.1
39.229,115.075,317.1,2014-04-03 03:00:00,60,12.8
39.23,115.087,323.2,2014-03-17 06:00:00,76,59.7
39.151,115.521,332.2,2004-06-22 05:00:00,78,24.8
39.16,115.484,326.8,2005-06-22 03:00:00,53,13.8
39.158,115.495,328.2,2005-06-22 03:00:00,62,14.8
39.156,115.519,324.4,2005-06-21 06:00:00,63,21.4
39.154,115.546,306.7,2005-06-20 15:00:00,48,11.7
39.147,115.583,328.7,2005-06-20 05:00:00,81,23.9
39.153,115.552,308,2005-06-20 15:00:00,40,11.3
39.149,115.598,325.4,2005-06-20 05:00:00,54,15.7
39.145,115.638,323,2005-06-20 03:00:00,76,15.1
39.145,115.63,330.6,2005-06-20 05:00:00,79,25.2
39.145,115.638,323,2005-06-20 03:00:00,76,15.1
39.153,115.596,320.9,2005-06-20 03:00:00,73,13.1
39.215,115.301,312.6,2014-03-14 05:00:00,43,9.4
39.15,115.646,319.3,2006-06-18 05:00:00,71,33.6
39.181,115.538,322.9,2004-06-22 05:00:00,20,14.6
39.197,115.488,315.9,2013-04-01 06:00:00,65,14.8
39.204,115.452,321.2,2007-06-17 05:00:00,74,12.5
39.192,115.516,341.1,2005-06-22 03:00:00,90,33.9
39.182,115.62,312.5,2007-10-19 06:00:00,54,12.3
39.208,115.488,316.2,2014-04-03 03:00:00,57,10.9
39.212,115.478,313.1,2010-12-20 03:00:00,57,22.8
39.202,115.547,317.2,2005-06-21 03:00:00,18,26.6
39.215,115.486,324.6,2005-06-22 03:00:00,28,10.3
39.252,115.313,316.2,2005-12-24 05:00:00,65,96
39.229,115.453,324.8,2005-06-22 03:00:00,78,12.4
39.254,115.32,320.5,2005-11-02 05:00:00,73,26.7
39.254,115.321,331.5,2011-04-14 06:00:00,84,18.8
39.254,115.321,331.5,2011-04-14 06:00:00,84,18.8
39.258,115.306,320.5,2013-04-01 06:00:00,73,23.8
39.215,115.544,323.8,2005-06-21 06:00:00,76,19.6
39.256,115.333,311.6,2005-11-02 05:00:00,37,14.2
39.217,115.549,319,2005-06-21 03:00:00,44,36.2
39.259,115.326,322.6,2005-11-02 05:00:00,75,31.3
39.26,115.321,318.3,2013-04-01 06:00:00,69,18.4
39.218,115.551,324.9,2005-06-21 06:00:00,64,20.5
39.262,115.326,322.2,2011-04-14 06:00:00,71,7.1
39.259,115.384,321.8,2005-06-22 03:00:00,70,9.8
39.24,115.495,324,2007-06-17 05:00:00,77,18.8
39.239,115.501,319,2007-06-17 04:00:00,67,19.3
39.243,115.484,326.4,2007-06-17 04:00:00,80,34.3
39.246,115.491,326.7,2007-06-17 04:00:00,80,33.3
39.27,115.476,314.6,2013-06-12 03:00:00,62,8
39.309,115.279,319.5,2007-04-25 05:00:00,64,21.7
39.272,115.478,316.5,2008-07-07 03:00:00,35,8.4
39.373,114.939,317.5,2014-05-27 06:00:00,56,33.8
39.285,115.417,321.6,2007-04-03 06:00:00,72,12
39.274,115.479,313.8,2011-07-16 03:00:00,59,8.2
39.314,115.302,338.8,2007-04-25 05:00:00,89,97.8
39.314,115.3,318,2009-05-25 05:00:00,66,30.3
39.314,115.302,338.8,2007-04-25 05:00:00,89,97.8
39.381,114.943,315.6,2014-05-27 06:00:00,50,28.3
39.308,115.345,324,2010-04-08 03:00:00,77,24.8
39.333,115.22,311.2,2007-04-02 03:00:00,40,8.6
39.331,115.232,322.7,2007-04-02 03:00:00,76,21.6
39.317,115.311,315.7,2014-03-26 06:00:00,64,20.2
39.318,115.317,316.5,2014-03-26 06:00:00,66,21.5
39.321,115.305,325.5,2007-04-25 03:00:00,79,11.8
39.316,115.34,312.1,2007-02-09 05:00:00,52,15.3
39.309,115.392,312.9,2008-04-02 03:00:00,56,9.5
39.396,114.942,311.8,2004-11-18 04:00:00,51,136.2
39.397,114.937,327,2007-04-03 06:00:00,80,26.4
39.327,115.327,316.4,2006-03-10 04:00:00,66,22.4
39.4,114.938,316,2005-03-26 06:00:00,65,18.4
39.321,115.384,311.5,2006-02-18 06:00:00,47,13.8
39.322,115.379,312.7,2006-02-18 06:00:00,55,17.4
39.405,114.939,316.1,2004-11-18 04:00:00,65,160
39.328,115.386,322.2,2014-04-03 03:00:00,75,18.1
39.432,114.924,323.6,2006-04-02 05:00:00,77,15.8
39.448,114.945,318.9,2004-04-17 04:00:00,70,54.5
39.457,114.905,320.6,2004-04-17 04:00:00,73,66.4
39.391,115.285,311.4,2011-03-25 03:00:00,46,37.4
39.427,115.177,311,2008-04-02 03:00:00,46,10.5
39.484,114.895,315.5,2014-04-04 06:00:00,64,13.3
39.485,114.912,327.8,2014-04-04 06:00:00,81,35.9
39.488,115.142,311.2,2007-04-14 05:00:00,35,7
39.678,114.803,319.8,2006-04-05 06:00:00,72,36.8